NÂ°,CODIGO_INFRACCION,EDAD,CANTIDAD_PAPELETAS_ULTIMO_ANO,TIPO_DE_VIA,LUGAR_DE_INTERVENCION,EMPRESA_DE_TRANSPORTE,CILINDRAJE_MOTOR,CLUSTER
1,U04,46,5,CALLE,BELLAVISTA,DISTRIBUIDORA PACI SRL.,1.2,4
2,U04,58,7,CALLE,BERLIN,DISTRIBUCIONES ROBASA SAC,3.5,0
3,U11,24,11,CALLE,GENERAL SUAREZ,DISTRIBUCIONES ROBASA,2.3,9
5,U11,32,7,CALLE,ARICA,TRANSP. FABRICIO Y KATHERINE SAC.,2.7,1
6,U04,49,9,CALLE,PORTA,DISTRIBUCIONES ROBASA SAC.,2.9,3
7,R15,55,6,AVENIDA,ALFREDO BENAVIDES,DIAZ ZUMAETA YURI,2.7,0
8,U11,56,3,CALLE,CONTRALMIRANTE MONTERO,CHOICE EQUIPOS Y SERVICIOS SAC.,2.6,0
9,U07,48,10,AVENIDA,RICARDO PALMA,DISTRIBUCIONES ROBASA SAC.,2.3,3
10,U04,37,8,CALLE,BERLIN,DISTRIBUCIONES ROBASA SAC.,2.2,2
13,U11,20,3,CALLE,CONTRALMIRANTE MONTERO,E.T. DECOLF. SRL.,2.8,5
14,U07,32,4,AVENIDA,PASEO DE LA REP.,RANSA COMERCIAL SA.,1.6,6
16,U07,22,11,CALLE,MANCO CAPAC,TRANASPORTE QULLA SAC.,3.2,9
17,U04,19,8,CALLE,LAS DALIAS,DISTRIBUCIONES ROBASA SAC.,3.7,5
18,U07,48,8,CALLE,JOSE GALVEZ,INVERSIONES NAT EIRL.,1.9,3
22,U04,18,5,CALLE,CONTRALMIRANTE MONTERO,TRANSPORTES 77 SA.,3.4,5
23,U04,53,8,CALLE,GENERAL SUAREZ,DISTRIBUIDORA PACI SRL.,3.4,8
24,U11,53,3,CALLE,BERLIN,M.R Y Z.R. TRANSPORTES Y SERVICIOS,3.3,8
25,U11,24,7,CALLE,JUAN FANNING,DISTRIBUIDORA PACI SRL.,2.7,9
26,U11,58,8,AVENIDA,PASEO DE LA REP.,SERVICIOS DE CARGA JM SAC.,1.7,0
27,U04,59,2,AVENIDA,DIEZ CANSECO,TRANSPORTES 77 SA.,1.9,0
29,U04,51,8,CALLE,BERLIN,DISTRIBUCIONES ROBASA SAC.,3.8,8
33,N56,40,8,AVENIDA,ALFREDO BENAVIDES,HOLDING REAL EXPRESS,1.8,2
42,U11,42,0,AVENIDA,PASEO DE LA REP.,DISTRIBUIDORA PACI SRL.,3.6,4
56,R12,56,8,AVENIDA,RICARDO PALMA,MOLI TOURS EIRL.,1.9,0
57,U07,45,8,CALLE,SAN MARTIN,TRANSPORTES INTERVEGA SAC.,2.5,3
58,U07,50,6,CALLE,BERLIN,DISTRIBUCIONES ROBASA SAC,3.8,8
60,U07,39,7,AVENIDA,PETIT THOUARS,COMERCIALIZADORA CANAN,2.1,2
61,U07,36,10,AVENIDA,PETIT THOUARS,COMERCIALIZADORA CANAN,3.8,2
64,U04,36,10,AVENIDA,JOSE PARDO,TRANSPORTES 77 SA.,3.4,2
65,U07,30,13,AVENIDA,PASEO DE LA REP.,HUAMAN CHALCO NIVER,3.2,1
66,U07,19,4,CALLE,CONTRALMIRANTE MONTERO,TRANSMANT. PERU SRL.,3.0,5
67,N56,45,6,AVENIDA,ALFREDO BENAVIDES,ET. VIRGEN DE COPACABANA,2.7,4
68,U11,51,4,CALLE,DOS DE MAYO,SAN FERNANDO SA.,2.3,8
69,N01,37,9,CALLE,ATAHUALPA,SAN FERNANDO SA.,3.9,2
70,U04,21,5,CALLE,BERLIN,DISTRIBUCIONES ROBASA SAC.,2.3,5
71,U04,27,8,CALLE,PORTA,DISTRIBUCIONES ROBASA SAC.,2.7,7
72,N56,25,3,AVENIDA,ALFREDO BENAVIDES,HOLREX,3.9,7
73,N56,60,8,AVENIDA,ALFREDO BENAVIDES,HOLREX,2.2,0
75,N56,23,4,AVENIDA,PASEO DE LA REP.,ESPECIAL SOLIDARIDAD,3.4,5
76,N56,39,6,AVENIDA,ALFREDO BENAVIDES,TRANSCASTEL,2.0,2
78,R15,24,8,CALLE,SCHELL,TORODEO TAPIA,3.1,9
80,U04,59,7,AVENIDA,PASEO DE LA REP.,DISTRIBUCIONES ROBASA,1.9,0
82,U04,58,10,CALLE,BERLIN,COMERCIALIZADORA CANAN SAC.,3.1,0
83,U11,18,13,CALLE,PIURA,VALENZUELA PAUCAR LIZETH,3.9,9
84,N56,25,11,AVENIDA,PASEO DE LA REP.,HOLREX,1.9,9
85,N56,56,8,AVENIDA,PASEO DE LA REP.,AQUARIUS,3.0,0
91,U11,43,6,CALLE,PIURA,VALENZUELA PAUCAR LIZETH,3.7,4
92,U11,40,5,CALLE,BERLIN,VALENZUELA PAUCAR LIZETH,3.6,4
93,U07,22,7,CALLE,DOS DE MAYO,RANSA COMERCIAL,3.6,5
95,R15,49,10,AVENIDA,ALFREDO BENAVIDES,ESPINO REYNOSO ELVIRA,2.0,3
96,N14,36,9,AVENIDA,PASEO DE LA REP.,HOLDING REAL EXPRESS,3.2,2
97,U11,57,3,AVENIDA,PASEO DE LA REP.,DISTRIBUIDORA PACI SRL.,4.0,0
100,U04,23,9,CALLE,BELLAVISTA,DISTRIBUCIONES ROBASA SAC.,2.2,9
101,U11,53,2,CALLE,JUNIN,DISTRIBUIDORA PACI SRL.,2.9,8
104,U04,20,7,AVENIDA,GENERAL CORDOVA,DISTRIBUIDORA PACI SRL.,4.0,5
105,U04,37,3,AVENIDA,RICARDO PALMA,TRANSPORTES 77 SA.,2.2,6
106,U07,33,6,CALLE,PIURA,BRAEDT. SA.,1.8,6
107,U07,37,6,CALLE,PIURA,DISTRIBUIDORA PACI SRL.,2.7,6
110,N56,57,5,AVENIDA,PASEO DE LA REP.,ET. PAMELA SA.,3.0,0
111,N56,25,2,AVENIDA,ALFREDO BENAVIDES,HOLDING REAL EXPRESS,3.1,7
112,U11,37,7,AVENIDA,COMANDANTE ESPINAR,TRANSP. FABRISIO & KATHERINE,2.3,2
114,N56,37,5,AVENIDA,ALFREDO BENAVIDES,HOLDING,2.5,6
116,N56,57,7,AVENIDA,ALFREDO BENAVIDES,HOLDING REAL EXPRESS,2.0,0
117,U04,28,5,AVENIDA,DIEZ CANSECO,DISTRIBUIDORA PACI SRL.,3.3,7
118,N56,25,5,AVENIDA,ALFREDO BENAVIDES,HRE EXPRESS,2.6,7
120,U11,41,9,AVENIDA,COMANDANTE ESPINAR,INV. GENERALES AMAZONICAS SRL.,3.2,2
123,U11,55,10,CALLE,ATAHUALPA,SAGA DIS SAC.,1.9,0
126,U07,34,4,AVENIDA,PASEO DE LA REP.,GRUA Y MANIOBRAS CARBJAL S.R.L,2.3,6
127,U04,54,8,AVENIDA,PASEO DE LA REP.,SERVICIOS LOGISTICOS PANIAGUA S.A.,1.5,0
128,N26,52,7,AVENIDA,ALFREDO BENAVIDES,HRE EXPRESS,2.1,8
131,U11,59,8,CALLE,JUAN FANNING,DISTRIBUIDORA PACI SRL.,2.4,0
132,U11,46,9,CALLE,JOSE GONZALES,DISTRIBUIDORA PACI SRL.,4.0,3
133,R15,41,4,AVENIDA,LA PAZ,LOS LIDERES DEL TRANSPORTE 2011,4.0,4
134,U15,57,1,AVENIDA,DIEZ CANSECO,CORPORACION DE SERV. BASICOS,2.4,0
135,U07,47,5,CALLE,DOS DE MAYO,RANSA COMERCIAL,2.8,4
136,U11,22,3,CALLE,ELIAS AGUIRRE,TRANSALVER EIRL.,3.1,5
137,U04,24,7,CALLE,PORTA,DISTRIBUCIONES ROBASA SAC.,2.7,9
138,U11,43,11,AVENIDA,COMANDANTE ESPINAR,MUÃ‘OZ MEDINA ROMULO .A,2.2,2
140,U04,57,3,AVENIDA,PASEO DE LA REP.,RANSA COMERCIAL .S.A,2.5,0
141,U11,37,3,CALLE,PIURA,TRASPORTES INTEREVEGA S.A.C,2.1,6
142,U07,56,8,CALLE,PIURA,ODEBRECHT PERU ING Y CONST. S.F.C,2.5,0
143,N56,28,8,AVENIDA,ALFREDO BENAVIDES,HOLDING REAL EXPRESS,2.2,7
144,N56,45,7,AVENIDA,ALFREDO BENAVIDES,ESPECIAL SOLIDARIDAD,2.5,3
146,U04,18,4,CALLE,ENRIQUE PALACIOS,DISTRIBUCIONES ROBASA SAC.,2.9,5
148,U07,41,7,CALLE,JULIO BECERRA,TRANSP. FABRISIO Y KATHERINE S.A.C,2.6,2
149,U04,26,9,CALLE,LOS PINOS,TRANSPORTES 77,2.2,9
150,U11,44,7,CALLE,ENRIQUE MEIGGS,HUAMAN BRAVO JUAN,2.8,4
151,U04,49,7,CALLE,PIURA,DISTRIBUIDORA PACI SRL.,2.0,3
152,U07,25,5,CALLE,CONTRALMIRANTE MONTERO,HUARCAYA CAJA OSWALDO,3.8,7
153,U04,38,7,CALLE,LOS PINOS,DISTRIBUCIONES ROBASA,1.8,2
154,U07,44,7,AVENIDA,ALFREDO BENAVIDES,DISTRIBUIDORA PACI SRL.,3.4,4
156,U11,46,10,CALLE,ELIAS AGUIRRE,DISTRIBUIDORA PACI,1.9,3
157,U11,19,8,CALLE,ELIAS AGUIRRE,FRANGROUP SAC.,2.7,5
158,U04,33,7,CALLE,BERLIN,DISTRIBUCIONES ROBASA SAC,2.6,1
159,U11,56,8,CALLE,BERLIN,RUIZ NIÃ‘O DE TAVARA MANUELA,1.7,0
160,U04,23,6,CALLE,LOS PINOS,RANSA COMERCIAL,3.1,5
163,U04,26,10,AVENIDA,ERNESTO DIEZ CANSECO,DISTRIBUIDORA PACI SRL.,3.7,9
164,N56,20,7,AVENIDA,ALFREDO BENAVIDES,HOLDIN REAL EXPRESS,4.0,5
166,U04,26,9,CALLE,GENERAL MENDIBURU,TORRES AYALA PABLO DE LA CRUZ,2.5,9
167,U07,58,5,AVENIDA,ALFREDO BENAVIDES,P&D ANDINA ALIMENTOS SA.,1.3,0
168,U04,48,3,CALLE,GENERAL MENDIBURU,TORRES AYALA PABLO DE LA CRUZ,2.9,8
169,U04,18,9,CALLE,PORTA,DISTRIBUCIONES ROBASA SAC.,1.6,5
170,U07,25,12,CALLE,ENRIQUE PALACIOS,RANSA COMERCIAL,1.8,9
173,U11,45,6,CALLE,ELIAS AGUIRRE,DISTRIBUCIONES PACI S.R.L,1.3,4
178,U11,47,6,CALLE,MARIA PARADO DE BELLIDO,TRANSALVER EIRL.,2.2,3
179,U04,54,9,CALLE,GENERAL SUAREZ,DISTRIBUIDORA PACI SRL.,3.8,0
181,U11,39,7,CALLE,DOS DE MAYO,NAJARRO HUAMAN VENTURA,3.2,2
190,U11,47,4,CALLE,DOMINGO ELIAS,TRANSLOGISTIC CONTRATISTAS Y SERV. SAC.,2.7,4
191,U11,42,3,AVENIDA,PETIT THOUARS,PIZARRO CARDENAS JOSE L.,1.2,4
192,U11,20,5,CALLE,ENRIQUE MEIGGS,TRANSALVER EIRL.,2.8,5
193,U04,34,5,CALLE,BERLIN,DISTRIBUIDORA ROBASA,2.8,6
196,R12,40,11,AVENIDA,JOSE LARCO,E.T J Y J TOURS S.A.C,3.2,2
198,R12,45,7,CALLE,BELLAVISTA,E.T CALLAO TAXI TOURS S.A.C,1.8,4
200,U07,33,11,CALLE,JOSE GALVEZ,SERV. LOGISTICOS PANIAGUA SAC.,1.4,1
201,U07,44,1,CALLE,GENERAL RECAVARREN,R. DOY INDUSTRIAL SAC.,3.9,4
203,U04,36,11,CALLE,ELIAS AGUIRRE,DISTRIBUIDORA PACI SRL.,3.5,2
205,R15,45,8,AVENIDA,JOSE LARCO,MULTISERVICIOS SUIDO STAR,4.0,3
208,R12,30,6,CALLE,BELLAVISTA,INV. Y NEGOCIACIONES .SVCO LATINO,1.9,7
211,U04,57,7,CALLE,BERLIN,DISTRIBUCIONES ROBASA SAC,3.3,0
212,U04,33,3,CALLE,BERLIN,DISTRIBUCIONES ROBASA SAC,1.4,6
213,U07,47,6,CALLE,BOLOGNESI,HERRERA NOME S.A.C,2.2,3
215,R15,53,6,AVENIDA,JOSE LARCO,E.T. Y S SANTISIMA VIRGEN DE COPACABANA,2.4,8
217,R12,57,9,AVENIDA,ALFREDO BENAVIDES,TAXI PACIFICO S.R.L,1.4,0
219,R12,26,12,CALLE,BELLAVISTA,ET. Y S. SANTISIMA VIRGEN DE COPACABANA,3.3,9
220,U07,21,8,CALLE,TARATA,PANIFICADORA BIMBO DEL,3.1,9
221,U04,34,7,AVENIDA,PETIT THOUARS,DISTRIBUIDORA PACI SRL.,3.7,6
223,U04,25,11,AVENIDA,DOS DE MAYO,COMERCIALIZADORA CANAN,2.0,9
228,R12,39,12,AVENIDA,JOSE LARCO,EL PARDO SERVIS,2.6,2
231,U04,23,12,CALLE,DOS DE MAYO,DISTRIBUIDORA PACI SRL.,1.5,9
232,N56,31,9,AVENIDA,DOS DE MAYO,ESPECIAL SOLIDARIDAD,1.6,1
233,N56,28,2,AVENIDA,DOS DE MAYO,HOLDIN  EXPRESS,1.4,7
236,R15,26,7,AVENIDA,JOSE LARCO,E.T CALIFORNIA DEL PERU,1.4,7
238,R12,55,1,AVENIDA,JOSE LARCO,CORPORACION METROMOBIL,1.7,8
239,N56,34,7,AVENIDA,ALFREDO BENAVIDES,HOLDING EXPRESS,3.4,6
240,U11,28,5,AVENIDA,DEL EJERCITO,RAUSA COMERCIAL,2.5,7
246,R12,47,5,CALLE,JOSE OLAYA,E.T. MOLITOURS,4.0,4
251,N56,51,3,AVENIDA,ALFREDO BENAVIDES,HOLDING REAL EXPRESS,1.5,8
258,U03,30,2,CALLE,MANUEL TOVAR,TRANSPORTES QULLA SAC.,3.7,7
259,N25,35,7,AVENIDA,LA MAR,ET. SANTA LUZMILA SA.,3.5,6
260,U07,20,6,AVENIDA,SANTA CRUZ,TRANSPORTES QULLA SAC.,2.5,5
262,U07,50,2,CALLE,BOLOGNESI,CONSORCIO FRAP SAC.,2.5,8
263,U04,43,5,CALLE,ELIAS AGUIRRE,DISTRIBUIDORA PACI SRL.,3.0,4
269,N40,32,11,CALLE,GENERAL VARELA,ATCR,2.0,1
278,U11,28,8,CALLE,BERLIN,DISTRIBUIDORA ROBASA S.A.C.,2.2,7
279,U07,56,10,AVENIDA,RICARDO PALMA,GONZALITO ALMACENES Y SERV. EIRL.,1.7,0
280,U07,25,4,AVENIDA,RICARDO PALMA,RANSA COMERCIAL SA.,3.3,7
281,U07,32,8,AVENIDA,JOSE PARDO,YAGISH TRANSP. Y LOGISTICA SAC,2.0,1
282,U04,41,8,CALLE,INDEPENDENCIA,DISTRIBUIDORA PACI SRL.,2.3,2
283,U04,51,7,CALLE,INDEPENDENCIA,DISTRIBUIDORA PACI SRL.,3.6,8
284,N56,44,8,AVENIDA,ALFREDO BENAVIDES,HOLDING EXPRESS,3.5,3
285,N56,34,7,AVENIDA,ALFREDO BENAVIDES,URANO TOURS,3.4,6
286,R05,49,6,AVENIDA,PASEO DE LA REP.,TRANSPORTES DESARROLLO EMP.,2.3,8
289,U04,49,7,CALLE,BERLIN,DISTRIBUCIONES ROBASA,1.6,3
296,U04,43,7,AVENIDA,PETIT THOUARS,DISTRIBUIDORA PACI,3.2,4
297,U07,33,7,CALLE,CORONEL INCLAN,TRANSPORTES 77 SA.,3.8,1
298,U04,55,13,CALLE,PIURA,DISTRIBUCIONES ROBASA SAC.,1.7,0
300,N56,54,7,AVENIDA,ALFREDO BENAVIDES,ATRASCPSA,1.8,0
301,R05,27,8,AVENIDA,ANGAMOS ESTE,CONSORCIO TRANSP. URBANO SAC.,3.4,7
304,N56,60,6,AVENIDA,PASEO DE LA REP.,HOLREX EXPRESS,3.4,0
307,U11,55,6,CALLE,DOS DE MAYO,E.T Y SERV. SANTOS PALACIOS,2.4,0
308,U11,54,4,AVENIDA,DOS DE MAYO,CHAMORRO LOPEZ ALEJANDRINA,1.5,8
310,U11,21,4,CALLE,PINOS,DISTRIBUIDORA PACI S.R.L,3.2,5
311,U11,53,8,CALLE,PIURA,EMPRESA FERRETERO LA PORTADA EIRL.,2.2,8
313,U11,48,10,CALLE,GENERAL SUAREZ,DHV SERV. Y TRANSP.  SAC.,3.2,3
315,U11,33,9,AVENIDA,RICARDO PALMA,OPERACIONES LOGISTICOS VALLE SAC,3.0,1
317,U11,47,10,AVENIDA,COMANDANTE ESPINAR,TRANSPORTES B&Q SAC.,2.8,3
318,U11,47,5,CALLE,FEDERICO VILLAREAL,DISTRIBUCIONES ROBASA SAC.,1.7,4
319,U11,45,11,AVENIDA,ARENALES,DEMOPOSS EIRL.,2.9,3
320,U07,55,1,AVENIDA,BENAVIDES,AG. TRANSPORTES REFRIGERADO Y SERV. GEN.,2.5,8
321,U11,59,8,CALLE,FRANCIA,SERV. LOGISTICOS PANIAGUA SAC.,2.4,0
322,U11,45,5,CALLE,BERLIN,CORDOVA NOA OFELIA,1.9,4
323,N56,47,11,AVENIDA,PETIT THOUARS,ET. RAMIRO PRIALE,2.2,3
324,U07,49,9,CALLE,BELLAVISTA,DISTRIBUIDORA PACI,3.6,3
328,U11,42,9,CALLE,HENRY REVETT,TRANSPORTES PALACIOS HNOS. SAC.,2.5,2
330,N40,33,10,CALLE,CHICLAYO,CILAP,2.3,1
336,U11,39,8,AVENIDA,DE LA AVIACION,JK LIMAYLLA CONTRATISTAS G. E.I.R.L.,1.7,2
337,U04,25,9,CALLE,LOS PÃNOS,DISTRIBUCIONES ROBASA S.A.C,3.3,9
340,U07,25,6,AVENIDA,LA PAZ,DISTRIBUCIONES ROBASA SAC.,2.4,7
341,U11,46,4,CALLE,ROMA,DISTRIBUIDORA PACI,2.7,4
342,U04,55,6,CALLE,BELLAVISTA,INVERSIONES ANDRES Y TRANSP S.A.C,1.6,0
343,N58,40,6,AVENIDA,ALFREDO  BENAVIDES,ETRANSCISA,3.5,2
344,U07,47,13,CALLE,FRANCIA,DISTRIBUCIONES PACI S.R.L,3.4,3
345,U11,37,13,CALLE,BOLIVAR,SAN FERNANDO SA.,2.2,2
350,U17,45,6,CALLE,BERLIN,JK LIMAYA CONTRATISTAS GENERALES,2.0,4
351,U04,54,7,AVENIDA,GRAU,DISTRIBUCIONES ROBASA,2.5,0
352,N56,49,10,AVENIDA,ALFREDO BENAVIDES,HOLDING REAL EXPRESS,3.5,3
353,U04,43,10,CALLE,LOS PINOS,DISTRIBUIDORA PACI S.R.L,2.8,2
354,U07,21,4,AVENIDA,LA MAR,INDUSTRIAS SUAREZ,2.6,5
355,U07,40,10,AVENIDA,JOSE PARDO,ASLLA ADOSQUIPA JESUS M,2.2,2
356,U04,45,2,CALLE,PIURA,DISTRIBUIDORA PACI S.R.L,3.0,4
357,U04,47,1,CALLE,LIBERTAD,DISTRIBUCIONES  ROBASA,1.2,4
358,U11,43,5,CALLE,BELLAVISTA,RANSA  COMERCIAL S.A,1.3,4
362,R15,26,6,AVENIDA,PETIT THOUARS,MARIÃ‘O LAZARO GLADYS,3.7,7
363,U04,27,5,CALLE,ELIAS AGUIRRE,DISTRIBUIDORA PACI,2.0,7
364,U04,48,7,CALLE,BELLAVISTA,TRANSPORTES HECARO,3.7,3
365,N56,50,3,AVENIDA,PASEO D ELA REPUBLICA,HOLDING REAL EXPRESS,2.6,8
368,N56,26,7,AVENIDA,PASEO DE LA REPUBLICA,AQUARIUS,1.7,7
369,U04,27,0,CALLE,COLON,SAN IGNACIO S.A,3.8,7
370,U11,27,8,AVENIDA,PASEO DE LA REPUBLICA,CONGONA RODRIGUEZ HECTOR .M,2.6,7
371,U04,29,5,CALLE,COLON,DISTRIBUCONES ROBASA,3.9,7
373,U07,28,7,AVENIDA,DE LA AVIACION,J.K LIMAYLLA CONTRATISTAS GRAL,2.7,7
374,U11,55,13,CALLE,BOLOGNESI,CHAVEZ ARIAS,1.2,0
376,N58,21,9,AVENIDA,ANGAMOS OESTE,A.T.C.R,1.4,9
378,N56,55,6,AVENIDA,ALFREDO BENAVIDES,HOLREX,3.5,0
379,N14,42,10,AVENIDA,PASEO DE LA REPUBLICA,EMTESSA,2.7,2
380,U17,46,4,CALLE,ELIAS AGUIRRE,REYES CONTRERAS TEODORA,3.4,4
382,N58,51,3,AVENIDA,ALFREDO BENAVIDES,HOLDING REAL EXPRESS,3.8,8
383,N58,34,6,AVENIDA,ALFREDO BENAVIDES,TRANSCASTEL,4.0,6
384,U04,27,8,AVENIDA,MRCAL O. R. BENAVIDES,TRANSPORTES 77 S.A,3.1,7
387,U11,48,11,AVENIDA,MLCON DELA RESERVA,EMPRESA DE TRANSPORTES Y S.M G. M D. R,3.5,3
388,N56,43,5,AVENIDA,PASEO DE LA REPUBLICA,HOLREX,3.2,4
390,U07,26,10,AVENIDA,LA MAR,CONCREMAX,1.8,9
391,U11,43,10,CALLE,BERLIN,DISTRIBUCIONES ROBASA,3.2,2
392,U11,23,11,AVENIDA,PETIT THOUARS,EMERSON A. MACARIO EIRL.,3.9,9
394,U11,50,7,AVENIDA,DE LA AVIACION,JK LIMAYLLA CONTRATISTAS G. E.I.R.L,3.6,8
398,U07,59,10,AVENIDA,PASEO DE LA REP.,TRANSPORTES CMC. PERU,2.5,0
399,U17,27,9,CALLE,BERLIN,AL. MONTALVO SAC.,2.4,7
405,U07,54,9,AVENIDA,PETIT THOUARS,K&C LOGISTIC SAC.,3.7,0
406,U11,40,1,CALLE,PORTA,DISTRIBUCIONES ROBASA SAC.,2.8,4
407,U11,40,5,CALLE,LOS PINOS,DISTRIBUIDORA PACI SRL.,2.8,4
412,R05,24,7,AVENIDA,AREQUIPA,VELASQUEZ PAUCAR FERNANDO,1.4,9
413,R15,43,2,AVENIDA,AREQUIPA,BARDALES ESTELA PEDRO,1.5,4
414,R05,59,5,AVENIDA,AREQUIPA,ET. INV. SVICO LATINO,2.7,0
415,U11,48,9,CALLE,HENRY REVETT,NEVERA EXPRESS E.I. R. L,1.6,3
417,U07,21,5,AVENIDA,COMANDANTE ESPINAR,LINARES ESPINOZA WALTER,1.9,5
419,R05,32,12,AVENIDA,AREQUIPA,ORTEAGA GARCIA ELIFIO,1.4,1
420,U07,48,5,AVENIDA,PASEO DE LA REPUBLICA,YAGISH TRANSP. Y LOGISTICA SAC,3.5,8
422,U07,24,13,CALLE,BOLOGNESI,FOOD PACK SAC.,1.8,9
423,R15,55,10,AVENIDA,AREQUIPA,CASTILLO AYNA LUIS,1.8,0
427,U04,22,6,AVENIDA,RICARDO PALMA,DISTRIBUCIONES ROBASA,2.6,5
428,U11,50,3,CALLE,JUAN FANNING,DISTRIBUIDORA PACI SRL.,1.8,8
429,U07,47,6,CALLE,RAMON ZAVALA,FERNANDEZ RAMOS ROBER,1.2,3
432,U11,31,8,CALLE,HENRY REVETT,SERV. ABASTECIMIENTO SERATRA,1.8,1
435,U04,47,1,CALLE,PORTA,DISTRIBUCIONES ROBASA,2.6,4
436,U07,35,8,CALLE,LOS PINOS,SAN FERNANDO SA.,1.3,1
437,U07,35,5,CALLE,LOS PINOS,SAN FERNANDO SA.,2.5,6
438,U11,46,8,CALLE,TACNA,DISTRIBUCIONES HUARNCCA SAC.,3.4,3
440,N56,58,9,AVENIDA,BENAVIDES,HOLDING REAL EXPRESS,1.5,0
441,U07,29,4,AVENIDA,JOSE PARDO,ORE ATALAYA MARINA,2.7,7
445,U07,39,6,CALLE,BOLIVAR,PRORECOVE SAC.,2.4,2
446,U11,48,8,CALLE,HENRY REVERT,TRANSPORTES LOGISTICOS SAC.,3.1,3
447,U04,44,1,CALLE,SAN MARTIN,DISTRIBUCIONES ROBASA,3.5,4
448,U07,41,9,CALLE,AYACUCHO,TRANSPORTES FRANCESCA,1.4,2
449,U07,22,11,AVENIDA,28 DE JULIO,PATILONGO VILLUGAS ISAAC,1.7,9
450,U04,24,10,CALLE,BERLIN,DISTRIBUCIONES ROBASA,3.5,9
451,U07,20,4,CALLE,BELLAVISTA,VALDEZ Y LOO EIRL.,2.2,5
452,U07,20,2,CALLE,TARATA,DISTRIBUIDORA PACI,3.7,5
453,U07,22,7,CALLE,MONTERO,TRAMNCAR SAC,3.2,5
455,U07,31,4,AVENIDA,28 DE JULIO,HIDALGO HUAMAN JULIO,3.0,7
456,U11,41,8,AVENIDA,ANGAMOS OESTE,TRANSPORTES 77 SA.,3.0,2
461,R05,36,4,AVENIDA,AREQUIPA,LOS TRIOS DEL PERU,2.3,6
462,U04,55,6,CALLE,BELLAVISTA,EMERSON ARTURO MACARIO LAUREANO EIRL.,1.9,0
464,N01,20,6,AVENIDA,PETIT THOUARS,MUÃ‘ANTE CARDENAS CARLOS,2.8,5
466,U11,22,9,CALLE,JOSE TORIBIO POLO,DISTRIBUIDORA PACI SRL.,2.9,9
469,U04,59,5,CALLE,DOS DE MAYO,REVES VARGAS GISELLA A.,1.4,0
470,U04,59,5,CALLE,GENERAL SUAREZ,DISTRIBUIDORA PACI,2.7,0
472,U11,20,9,CALLE,PORTA,HALMARK SA.,1.4,9
473,U11,54,4,CALLE,DOS DE MAYO,UNION DE CONCRETERAS SA.,2.7,8
474,U04,44,8,CALLE,ENRIQUE PALACIOS,TRANSPORTES LUANSA SAC.,3.5,4
475,U07,39,4,CALLE,JOSE GALVEZ,NIÃ‘O DETABARA MANUELA,2.9,6
477,U11,41,6,CALLE,JUAN FANNING,DISTRIBUIDORA PACI SRL.,3.9,4
478,U07,42,7,CALLE,DOS DE MAYO,IMPORTACIONES HIRAOKA SAC,1.8,4
482,U11,50,6,AVENIDA,PETIT THOUARS,E.T. SAN ROQUE,2.5,8
484,U11,22,5,AVENIDA,PETIT THOUARS,CHAMORRO LOPEZ ALEJANDRINA,1.3,5
485,N58,56,4,AVENIDA,ALFREDO BENAVIDES,ETRANCISA,2.0,0
486,U11,45,6,CALLE,BELLAVISTA,INVERSIONES ANDRES Y TRANSP S.A.C,3.5,4
487,U11,44,3,CALLE,BELLAVISTA,INVERSIONES ANDRES Y TRANSP S.A.C,1.3,4
488,U11,33,2,CALLE,PIURA,DISTRIBUIDORA PACI,3.4,6
490,U04,58,10,AVENIDA,FEDERICO VILLAREAL,RANSA COMERCIAL,2.6,0
491,R23,59,9,AVENIDA,JOSE LARCO,MEZA CASTILLO CESAR. A,1.8,0
492,U07,22,6,AVENIDA,JOSE LARCO,TRASNPORTES QUILA S.A.C,3.2,5
493,U11,54,8,CALLE,BERLIN,CORPORACION DE TRANSP. CARLEY,1.9,0
494,N56,53,5,CALLE,CHICLAYO,A.T.C.R,3.3,8
495,R15,39,2,AVENIDA,SANTA  CRUZ,E.T SVICO LETINO S.A.C,2.6,6
498,U11,35,5,AVENIDA,DIEZ CANSECO,DISTRIBUIDORA PACI SRL.,3.0,6
499,U11,31,8,AVENIDA,PASEO DE LA REPUBLICA,OPERACIONES LOGISTICOS V  .S.A.C,1.4,1
500,U11,57,9,CALLE,ELIAS AGUIRRE,CHOICE EQUIPOS Y SERVICIOS S.A.C,1.8,0
501,U11,60,5,CALLE,ELIAS AGUIRRE,CHOICE EQUIPOS Y SERVICIOS S.A.C,2.3,0
504,N58,34,3,AVENIDA,REPUBLICA PANANA,ETVIMSA,2.2,6
505,U07,22,8,CALLE,HIPOLITO UNANUE,RUIZ DE TAVARA MANUEL,2.8,9
506,U04,51,3,CALLE,LOS PINOS,DISTRIBUCIONES ROBASA,1.6,8
507,N26,47,8,AVENIDA,ALFREDO BENAVIDES,HOLDING REAL EXPRESS,3.6,3
509,U11,30,10,CALLE,BERLIN,DISTRIBUIDORA PACI,2.1,1
510,U11,48,8,AVENIDA,PETIT THOUARS,COMERCIAL CANAN S.A.C,3.6,3
511,U04,25,9,CALLE,BERLIN,DISTRIBUCIONES ROBASA S.A.C,1.4,9
512,U11,37,5,AVENIDA,GENERAL CORDOVA,DISTRIBUIDORA  PACI S.A.L,2.2,6
515,U11,52,3,AVENIDA,PETIT THOUARS,COMERCIAL CANAN S.A.C,2.9,8
516,U04,36,3,AVENIDA,PASEO DE LA REPUBLICA,DISTRIBUIDORA PACI SRL.,1.8,6
517,U04,39,10,CALLE,PIURA,TRANSPORTES 77 S.A,3.3,2
518,U11,36,5,CALLE,JORGE CHAVEZ,CRUZ SAICO DAMIAN S,1.3,6
519,U11,59,4,CALLE,CORONEL INCLAN,DISTRIBUIDORA PACI S.R.L,2.5,0
520,U11,35,11,CALLE,MANCO CAPAC,SILVA GOMEZ VILDER,3.3,1
524,U11,54,12,AVENIDA,ALFREDO BENAVIDES,TRANSPORTES PAQUELITA S.A.C,1.5,0
526,U11,57,11,CALLE,TARAPACA,RUIZ NIÃ‘O DE TAVARA M.,3.8,0
527,N56,49,10,AVENIDA,ALFREDO BENAVIDES,HOLREX EXPRESS,1.6,3
528,U11,43,8,CALLE,ELIAS AGUIRRE,SERATRA S.R.L,3.4,4
529,U07,58,9,CALLE,PIURA,JUNIOR.IMPORT E.I.R.L,3.1,0
530,U07,55,12,AVENIDA,PETIT THOUARS,EMERSON ARTURO MACARIO LAUREANO,1.4,0
532,U04,46,4,PASAJE,TELLO,TRASNSPORTES 77 S.A,3.3,4
533,U11,49,5,CALLE,ELIAS AGUIRRE,"MERCADO RAMOS,WILLY ENRIQUE",2.2,8
536,U11,38,7,AVENIDA,PETIT THOUARS,REYES CONTRERAS TEODORA,2.0,2
537,U07,54,5,CALLE,ATAHUALPA,QUISPE GUIZADO MERCEDES,2.9,8
538,U04,42,8,CALLE,PORTA,DISTRIBUCIONES ROBASA S.A.C,3.8,2
539,U04,50,3,CALLE,BELLAVISTA,DISTRIBUCIONES ROBASA S.A.C,3.5,8
545,U07,52,6,AVENIDA,RICARDO PALMA,TRASNPORTES 77 S.A,1.4,8
547,U11,60,9,AVENIDA,PETIT THOUARS,TORRES CONDORI ERIKA,3.3,0
549,R05,34,6,AVENIDA,ANGAMOS OESTE,GLOBAL S.A.C,2.7,6
550,N14,22,8,AVENIDA,GRAL CORDOVA,E.T MIMSA,3.2,9
551,U11,37,11,AVENIDA,PETIT THOUARS,IMPORT.HIRAOKA S.A.C,1.7,2
552,U04,39,13,CALLE,JOSE TORIBIO POLO,DISTRIBUCIONES PACI S.R.L,2.8,2
553,U11,33,9,CALLE,GENERAL BORGOÃ‘O,VENTURA RIVERA.E,2.4,1
554,U11,44,10,AVENIDA,PETIT THOUARS,DISTRIBUCIONES PACI S.R.L,3.0,3
555,U11,56,8,AVENIDA,PASEO DE LA REPUBLICA,GUTIERRREZ PAREDES MIGUEL .A,1.3,0
556,N43,35,4,AVENIDA,O.R. BENAVIDES,TRANSLIMA SA.,3.8,6
557,U04,30,5,AVENIDA,PAEO DE  LA REPUBLICA,DIST. DE MAT DE CONSTRUCCCION SANCHEZ,3.7,7
558,U11,28,5,CALLE,ENRIQUE MEIGGS,E.T.R.B CAR S.R.L,3.6,7
559,U04,21,8,AVENIDA,PASEO DE LA REPUBLICA,DSITRIBUIDORA PACI S.R.L,3.7,9
560,U09,23,12,AVENIDA,PASEO DE LA REPUBLICA,TRSNSPORTES MAJARO S.A.C,1.3,9
562,U07,30,8,CALLE,BOLOGNESI,TRANSP.H Y C.ASOCIADOS SAC,3.8,1
563,U07,40,12,AVENIDA,ALFREDO BENAVIDES,AREQUIPA EXPRESO MARVISUR E.I.R.L,3.9,2
564,N58,41,8,AVENIDA,ALFREDO BENAVIDES,URANO TOURS,1.9,2
565,U04,41,9,CALLE,PORTA,DISTRIBUIDORA ROBASA,3.4,2
567,N58,50,12,AVENIDA,ALFREDO BENAVIDES,E.T CUARENTA INTEGRADA,1.8,3
568,U04,29,5,CALLE,LAS DALIAS,DISTRIBUIDORA PACI,3.8,7
569,N56,24,8,AVENIDA,PETIT THOUARS,GALILEA EXPRESS S.A.,1.9,9
570,N26,55,7,AVENIDA,GRAL CORDOVA,E.T. ANGAMOS,2.6,0
571,U11,41,9,CALLE,ARICA,CORPOR.TERREROS GUTARRA,3.8,2
581,N58,37,12,AVENIDA,ANGAMOS ESTE,A.T.C.R,3.8,2
583,N56,50,5,AVENIDA,ALFREDO BENAVIDES,HOLDING REAL EXPRESS,3.9,8
584,R05,53,2,AVENIDA,PAEO DE  LA REPUBLICA,HUAMANI Ã‘AHUINLLA,1.5,8
585,R15,54,9,AVENIDA,PAEO DE  LA REPUBLICA,JUY BERENQUEL LUIS A.,3.3,0
586,R05,21,9,AVENIDA,PAEO DE  LA REPUBLICA,E.T SERV ALBERTO PAEZ,2.2,9
588,U11,37,2,CALLE,JOSE GALVEZ,DISTRIBUCIONES ROBASA S.A.C,3.6,6
589,U04,37,11,CALLE,SCHELL,ORIHUELA CARLOS ANDRES,1.4,2
591,U07,31,8,CALLE,JORGE CHAVEZ,TRANSPORTE CUSMAR S.A.C,3.6,1
592,U04,20,5,CALLE,PORTA,DISTRIBUCIONES REBASA S.A.C,2.6,5
593,U04,29,2,AVENIDA,CONTRALMIRANTE ESPINAR,CCALLO VILCA ANASTACIO,2.5,7
594,U07,43,4,AVENIDA,PETIT THOUARS,CHUCAS CARGO S.A.C,3.9,4
595,U04,36,11,AVENIDA,PASEO DE LA REPUBLICA,TRANSPORTE 77 S.A,2.2,2
596,U04,22,13,AVENIDA,PASEO DE LA REPUBLICA,TRANSPORTE 77 S.A,3.3,9
597,U11,43,5,CALLE,LOS PINOS,SAN FERNANDO S.A,4.0,4
598,U11,41,5,CALLE,CONTRALMIRANTE MONTERO,TC CARGO S.A.C,3.8,4
600,R05,33,10,AVENIDA,AREQUIPA,C..J.M GLOBAL .S.A,1.7,1
601,R05,40,5,AVENIDA,AREQUIPA,C..J.M GLOBAL .S.A,3.1,4
602,U07,38,7,AVENIDA,LA PAZ,TRANSPORTE HEDE E.I.R.L,2.3,2
604,U04,28,8,PASAJE,SUCRE,TRANSPORTE 77 S.A,2.9,7
605,U04,33,9,AVENIDA,DEL EJERCITO,REYNOSO ORTIZ ROSA E.,2.2,1
606,U17,50,7,CALLE,CONTRALMIRANTE MONTERO,TRANSPORTE FABRICIO Y K.,3.2,8
607,U07,34,7,CALLE,LAS DALIAS,CORPORACION DE SERVICIOS I. S.A.C,2.1,6
608,U11,44,2,CALLE,HENRY REVERT,TRANSPORTES TURISTICOS SAKURA S.A,2.8,4
609,U11,19,8,CALLE,CONTRALMIRANTE MONTERO,LA CALERA S.A.C,2.6,5
610,U11,24,4,CALLE,CONTRALMIRANTE MONTERO,CHOICE EQUIP Y SERVICIOS,2.5,5
611,U17,26,5,CALLE,SAN FERNANDO,MIXERCON S.A,3.3,7
612,U04,20,7,CALLE,E. AGUIRRE,TRANSP.J&L SERV. CARGA NACIONAL.S.R.L,2.7,5
613,U11,46,9,CALLE,CONTRALMIRANTE MONTERO,CHOICE EQUIP Y SERVICIOS,3.9,3
614,U11,30,13,CALLE,CONTRALMIRANTE MONTERO,CHOICE EQUIP Y SERVICIOS,3.9,1
615,R15,53,5,AVENIDA,PETIT THOUARS,EMP.DE TAXIS Y SERV. MULT. JIRHE S.A.C,2.4,8
616,R15,44,6,AVENIDA,PETIT THOUARS,INV.Y NEG.TAXI TOURS,2.3,4
618,U07,27,6,AVENIDA,PETIT THOUARS,SERVICE TRANSPORTE CHARLY E.I.R.L,1.7,7
619,U07,28,7,AVENIDA,PETIT THOUARS,DISTRIBUIDORA PACI,1.6,7
621,R15,49,11,AVENIDA,JOSE LARCO,E. TAXIS Y SERV. J,2.6,3
622,N58,23,9,AVENIDA,ALFREDO BENAVIDES,HOLDING REAL EXPRESS,1.7,9
623,N58,52,7,AVENIDA,ALFREDO BENAVIDES,HOLDING REAL EXPRESS,1.7,8
624,U07,51,8,CALLE,7 DE JUNIO,INDUSTRIA DEL MUZBLE,2.7,8
625,R05,22,11,CALLE,GENERAL SUAREZ,VELIZ GONZALES DE TOVAR M A.,3.7,9
626,R12,53,11,AVENIDA,PETIT THOUARS,E.T MOLITOURS E.I.R.L,3.2,0
627,N58,22,6,AVENIDA,ALFREDO BENAVIDES,CUARENTA INTEGRADA,4.0,5
628,N58,43,13,AVENIDA,ALFREDO BENAVIDES,ESPECIAL SOLIDARIDAD,1.6,3
629,U07,55,5,CALLE,7 DE JUNIO,RIVCAL S.A.C,2.9,0
640,U11,54,9,CALLE,CONTRALMIRANTE MONTERO,CORPOR.TRANS.CARLEY,2.6,0
641,U11,21,5,CALLLE,HENRY REVETT,TRANSPORTE TURISTICO SEKURA,1.9,5
642,U04,53,5,CALLE,GRIMALDO DEL SOLAR,RANSA COMERCIAL S.A,3.4,8
643,N56,31,3,AVENIDA,ALFREDO BENAVIDES,HOLDING REAL EXPRESS,2.6,7
644,U07,39,8,CALLE,GENERAL SUAREZ,TRANSE CARGA DEL PERU S.A.C,3.4,2
645,U07,25,5,CALLE,BERLIN,SNACKS AMERICA LATINA S.R.L,2.3,7
647,U11,45,8,CALLE,JUAN DE LA FUENTE,DISTRIBUIDORA PACI,1.8,3
648,U09,35,8,CALLE,CONTRALMIRANTE MONTERO,INV KGW E.I.R.L,2.8,1
649,U11,60,11,CALLE,TARATA,DISTRIBUCIONES ROBASA,3.1,0
650,N56,48,3,AVENIDA,BENAVIDES,HOLDING REAL EXPRESS,1.9,8
651,U11,52,7,CALLE,LOS PINOS,DISTRIBUIDORA PACI,3.2,8
653,R18,48,6,AVENIDA,ALFREDO BENAVIDES,EMP.DE TRANSPORTE DE TAXI YM. S. SAS,1.9,3
654,U11,26,7,CALLE,CONTRALMIRANTE MONTERO,O.S LOGISTICS PERU S.A.C,3.8,7
655,R12,45,9,AVENIDA,BENAVIDES,EMP TRANSPORTE J&J TOURS,1.8,3
657,N56,34,13,AVENIDA,ALFREDO BENAVIDES,HOLDING REAL EXPRESS,3.0,1
659,R05,36,1,AVENIDA,AREQUIPA,"SEGOVIA  SIERRA, WALTER",2.0,6
661,U07,28,10,CALLE,GENERAL SUAREZ,DISTRIBUIDORA PACI S.R.L,1.7,1
662,U11,56,2,CALLE,HENRY REVETT,DEXTRE TRUJILLO PEDRO,1.3,8
663,U04,53,1,CALLE,JUAN FANNING,DISTRIBUIDORA PACI S.R.L,1.8,8
665,U11,42,6,CALLE,PIURA,DISTRIBUIDORA PARI S.R.L,3.1,4
666,U04,32,6,AVENIDA,RICARDO PALMA,TRANSPORTES 77 S.A,3.4,1
668,U04,58,9,CALLE,BELLAVISTA,TRANSPORTES R.K.M,1.8,0
669,U11,54,4,AVENIDA,PASEO DE LA REPUBLICA,DISTRIBUIDORA PACI S.R.L,3.2,8
671,U07,57,12,AVENIDA,LA MAR,CONSORCIO MANAGERIAL,3.7,0
672,U11,59,6,CALLE,2 DE MAYO,CACERES MELO FRANK PERCY,4.0,0
674,R05,48,6,AVENIDA,AREQUIPA,LOS LIDERES DEL TRANSPORTE,1.2,3
676,N56,59,2,AVENIDA,PETIT THOUARS,LUIS BANCHERO ROSSI,2.1,0
680,U07,21,6,AVENIDA,PASEO DE LA REPUBLICA,ANTONIO SOLIS ZACAMAS,2.6,5
682,U04,49,14,CALLE,JUAN FANNING,DISTRIBUCIONES ROBASA,4.0,3
686,U04,50,8,CALLE,FRANCISCO DE PAULA UGARRIZA,TRANSPORTES MAJARO S.A.C.,2.8,3
687,U11,36,5,CALLE,GNRAL. SUAREZ,SAGASTEGUI PADILLA MARINO O.,2.4,6
688,U11,20,7,CALLE,IGNACIO DE LA PUENTE,TOMAS PEREZ DE VALENCIA ELBA,2.8,5
689,R05,58,9,AVENIDA,PASEO DE LA REPUBLICA,E.T. E INVERSIONES PARA TURISMO E.I.R.L.,3.6,0
690,U04,41,10,PASAJE,TELLO,TRANSPORTES 77S.A,1.3,2
701,U04,42,10,CALLE,BERLIN,DISTRIBUCIONES ROBASA,2.8,2
703,U07,32,9,AVENIDA,PETIT THOUARS,TRANINSA PACK S.A.C.,2.9,1
705,U11,50,7,CALLE,RAMON ZAVALA,TRANSP. CENTENO LAREO,2.1,8
706,U07,55,13,OVALO,GUTIERREZ,EMPR. DE TRANSP. R.B. CAR,2.7,0
707,R15,57,7,AVENIDA,ALFREDO BENAVIDES,COZ VARGAS GULBEHER,3.4,0
708,R05,20,5,AVENIDA,PASEO DE LA REPUBLICA,CJM GLOBAL S.A.,2.2,5
709,R05,29,10,AVENIDA,AREQUIPA,SUAREZ CAVINO ALFREDO,1.3,1
711,U07,56,4,MALECON,DE LA MARINA,TRASN. SANTOS CORPORATION,2.5,0
712,U04,24,5,AVENIDA,PASEO DE LA REPUBLICA,TRASNPORTES 77 S.A.,1.4,5
713,U11,48,12,CALLE,PORTA,DISTRIBUCIONES ROBASA,2.0,3
721,R05,19,9,CALLE,GNRAL. SUAREZ,GALLEGOS URDANIVIA HNOS.,4.0,9
722,N56,19,7,AVENIDA,ALFREDO BENAVIDES,HOLDING REAL EXPRESS,1.7,5
723,N56,54,5,AVENIDA,ALFREDO BENAVIDES,HOLDING REAL EXPRESS,2.8,8
724,U11,21,5,CALLE,GNRAL. MENDIBURU,TINCOPA MENDOZA EFRAIN,1.8,5
725,U11,40,6,CALLE,GNRAL. MENDIBURU,DISTRIBUIDORA PACI S.R.L.,3.7,2
727,N58,38,7,AVENIDA,ALFREDO BENAVIDES,AQUARIUS EXPRESS,3.0,2
728,N41,18,9,AVENIDA,ALFREDO BENAVIDES,AQUARIUS EXPRESS,3.7,5
729,U11,33,6,CALLE,ARICA,E.T. EN GENERAL ANDERLING E.I.R.L.,1.9,6
731,U17,33,8,AVENIDA,COMANDANTE ESPINAR,RAMSA COMERCIAL,2.2,1
734,U04,29,4,CALLE,JOSE OLAYA,CACERES VILCHEZ ROBERT P.,2.2,7
741,N43,50,13,AVENIDA,RICARDO PALMA,TRANSVESA,2.2,3
743,U04,43,7,CALLE,PORTA,DISTRIBUIDORA ROBASA,1.5,4
744,U11,31,5,CALLE,FRANCIA,ARCE AGUADO JUAN,3.0,7
747,U04,31,13,CALLE,PORTA,DURAND PALOMINO E.,1.2,1
757,N56,22,8,CALLE,SCHELL,HOLDING ESPRESS,1.4,9
758,U04,31,9,CALLE,BOLOGNESI,JGM MULTI SERVICE GAMARRA,3.2,1
759,U07,30,11,AVENIDA,JOSE PARDO,CAT. EXPRESS S.A.C.,4.0,1
761,N56,56,9,CALLE,SCHELL,ESPECIAL SOLIDARIDAD,3.2,0
762,R15,46,11,CALLE,LOS PINOS,BRICEÃ‘O YAURI LIZ L.,2.8,3
763,U07,57,3,CALLE,ARICA,ROSALU TRANSPORT S.A.C.,2.9,0
764,U11,27,6,CALLE,BELLAVISTA,COMERCIALIZADORA CANAN,3.4,7
765,R12,54,11,AVENIDA,ANGAMOS ESTE,E.T. 20 DE SETIEMBRE CALLAO,3.6,0
769,N56,34,6,AVENIDA,PETIT THOUARS,HOLREX,1.2,6
770,U10,37,8,AVENIDA,COMANDANTE ESPINAR,SERVICIOS LOGISTICOS PANIAGUA S.A.,2.9,2
771,U11,56,1,CALLE,ALFREDO LEON,RIVCAL,1.4,8
772,U11,24,11,CALLE,ALFREDO LEON,RIVCAL,1.8,9
777,U11,40,5,AVENIDA,PETIT THOUARS,T.S. IMPRESIONES S.A.C.,3.5,4
778,U11,33,4,CALLE,CONTRALMIRANTE MONTERO,RENTING S.A.C,3.5,6
779,U11,29,13,PASAJE,LOS PINOS,MONARK PERU S.A.,1.4,1
782,U11,57,10,CALLE,TORIBIO POLO,DISTRIBUIDORA PACI S.R.L.,1.2,0
783,U11,49,9,AVENIDA,TOMAS MARSANO,TRANSPORTES 77 S.A,3.1,3
784,U11,36,11,CALLE,ALCANFORES,COMERCIALIZADORA CANAN,2.3,2
786,N14,47,10,AVENIDA,RICARDO PALMA,SALAMANCA EXPRESS,1.2,3
787,N14,30,5,AVENIDA,RICARDO PALMA,SALAMANCA EXPRESS,3.7,7
788,N56,29,7,AVENIDA,ALFREDO BENAVIDES,HOLDING REAL EXPRESS,2.6,7
790,N56,45,11,AVENIDA,ALFREDO BENAVIDES,HOLDING REAL EXPRESS,2.4,3
791,N58,59,6,AVENIDA,ALFREDO BENAVIDES,URANO TOURS,1.8,0
792,U04,22,9,AVENIDA,PASEO DE LA REPUBLICA,DISTRIBUIDORA PACI S.R.L.,3.6,9
793,U11,33,10,CALLE,ELIAS AGUIRRE,DISTRIBUIDORA PACI S.R.L.,3.9,1
794,N56,23,9,AVENIDA,PETIT THPUARS,E.T. GALILEA EXPRESS,1.8,9
798,U04,43,6,AVENIDA,RICARDO PALMA,TRANSPORTES 77 S.A.,1.2,4
800,N56,36,9,AVENIDA,ALFREDO BENAVIDES,ESPCIAL SOLIDARIDAD,2.5,2
801,U04,32,5,CALLE,PIURA,DISTRIBUIDORA PACI,2.6,6
802,U04,43,9,CALLE,LIBERTAD,DISTRUIDORA ROBASA S.A.C.,2.8,2
803,U04,27,4,CALLE,BELLAVISTA,TRANSPORTES RKM S.A.C.,3.1,7
804,U11,22,6,AVENIDA,ALFREDO BENAVIDES,TRANSPORTES 77 S.A.,1.7,5
806,N56,41,5,CALLE,GENERAL VARELA,E.T. ANGAMOS,3.1,4
808,U11,30,6,AVENIDA,ERNESTO DIEZ CANSECO,COMERCIALIZADORA CAMAN S.A.C.,2.6,7
809,U04,20,5,CALLE,BERLIN,DISTRIBUIDORA ROBASA S.A.C.,1.3,5
810,U11,40,6,CALLE,JOSE GONZALES,RANSA COMERCIAL S.A.,2.3,2
811,U17,27,9,CALLE,CONTRALMIRANTE MONTERO,NEG. Y SERV. GRLS. VILLAMIL,3.4,7
812,U04,26,3,CALLE,DOS DE MAYO,SOLUCIONES LOGISTICAS INTERNACIONALES,2.4,7
820,U11,59,5,AVENIDA,PETIT THOUARS,DISTRIBUIDORA PACI,2.9,0
822,U11,23,5,CALLE,DOS DE MAYO,COMERCIALIZADORA CANAU,3.9,5
823,U11,54,5,AVENIDA,ANGAMOS OESTE,UNION DE CONCRETERAS S.A.,2.7,8
824,U07,29,3,CALLE,MARIA PARADO DE BELLIDO,REYES CONTRERAS TEODORA,3.4,7
825,N14,31,6,CALLE,GENERAL CORDOVA,E.T. ANGAMOS,2.4,7
827,N56,24,4,CALLE,CHICLAYO,E.T. GRUPLAN S.A.,3.5,5
829,U07,22,10,AVENIDA,JORGE CHAVEZ,MINEROS Y CONSTRUCTORES DEL SUR,2.6,9
830,U07,21,6,CALLE,CONTRALMIRANTE MONTERO,TRANSPORTES MERSOL S.A.C.,1.5,5
831,U17,45,10,CALLE,CONTRALMIRANTE MONTERO,RAMIREZ IPARRAGUIRRE ABEL,2.7,3
832,N56,52,4,AVENIDA,GENERAL CORDOVA,E.T.M.I.M.S.A.,2.8,8
836,N14,36,6,CALLE,GENERAL VARELA,E.T. NUEVO HORIZONTE,1.3,6
837,N56,51,5,AVENIDA,JOSE PARDO,HOLREX,2.8,8
840,N58,52,10,AVENIDA,ALFREDO BENAVIDES,HOLREX,3.1,3
844,U11,30,1,CALLE,GENERAL IGLESIAS,N.T.C. SERVICIOS GENERALES S.A.C.,3.7,7
845,U04,46,8,AVENIDA,ENRIQUE DIEZ CANSECO,DISTRIBUIDORA PACI S.R.L.,1.9,3
846,U11,23,7,AVENIDA,ALFREDO BENAVIDES,CCAHUANA FERIL ISAIAS,2.8,5
847,U04,20,4,CALLE,BERLIN,DISTRIBUIDORA ROBASA S.A.C.,2.8,5
848,U04,23,12,AVENIDA,PETIT THOUARS,TRANSPORTE 77 S.A.,2.9,9
849,R05,33,3,AVENIDA,PASEO DE LA REPUBLICA,HUANCA VALENCIA DENIS TITO,1.9,6
850,N56,22,10,AVENIDA,JOSE PARDO,HOLDING REAL EXPRESS,3.3,9
851,R13,42,6,AVENIDA,PETIT THOUARS,RIVERA LOAYZA DINA LUZ,3.6,4
852,U11,36,7,AVENIDA,PETIT THOUARS,TRANSAT S.A.C.,2.3,6
853,U04,30,8,CALLE,SAN MARTIN,DURAN PALOMINO ELIZABETH,2.2,1
854,U11,31,8,CALLE,CONTRALMIRANTE MONTERO,DISTRIBUCIONES ROBASA,1.6,1
855,N58,39,11,AVENIDA,REPUBLICA DE PANAMA,E.T.S.M. SUR LIMA S.A.,1.2,2
856,U11,56,10,CALLE,PIURA,DISTRIBUIDORA PACI,3.5,0
857,U11,54,12,CALLE,JUAN FANNING,DISTRIBUIDORA PACI,2.2,0
858,U11,26,8,CALLE,CONTRALMIRANTE MONTERO,TRANSPORTES HECARO,2.9,7
859,U11,37,7,AVENIDA,GENERAL CORDOVA,DISTRIBUIDORA PACI,4.0,2
860,R15,49,2,AVENIDA,OSCAR R. BENAVIDES,E.T. SANTISIMA VIRGEN DE COPACABANA,3.2,8
868,R15,20,11,AVENIDA,JOSE LARCO,NUÃ‘EZ CORTEZ NOEL,3.2,9
869,R15,19,6,AVENIDA,OSCAR R. BENAVIDES,E.T. SERVICIOS MULTIPLES JIRHE,3.8,5
870,R15,51,7,CALLE,MANUEL BONILLA,SAN JUAN DE MASIAS S.A.C.,2.9,8
878,R12,41,5,CALLE,SCHELL,MOLITOURS,2.4,4
882,R15,43,10,AVENIDA,JOSE LARCO,CORP. HAPPY TOURS,2.2,2
885,N56,44,7,AVENIDA,JOSE LARCO,HOLDING REAL EXPRESS,3.6,4
889,R12,19,10,CALLE,SCHELL,E.T. 20 DE SETIEMBRE,2.7,9
900,R12,26,8,AVENIDA,OSCAR R. BENAVIDES,CORPORACION METRO MOVIL,2.2,7
908,N40,54,10,CALLE,SCHELL,E.T. UNIDOS CHARA,1.6,0
910,N14,24,5,AVENIDA,AREQUIPA,E.T. SANTISIMA VIRGEN DE COPACABANA,1.7,5
920,R15,38,7,AVENIDA,OSCAR R. BENAVIDES,SANTISIMA VIRGEN DE COPACABANA,3.2,2
921,R15,46,5,AVENIDA,OSCAR R. BENAVIDES,G.T. SEBASLERS,2.8,4
925,R12,46,8,AVENIDA,JOSE LARCO,E.T. CALLAO TAXI TOURS,3.9,3
928,N56,38,8,CALLE,SCHELL,ESPECIAL SOLIDARIDAD,1.3,2
929,U04,40,2,AVENIDA,RICARDO PALMA,RACIONALIZACION EMPRESARIAL,2.5,4
933,U04,38,4,CALLE,GENERAL RECAVARREN,RANSA COMERCIAL S.A.,3.3,6
934,U07,57,10,CALLE,ALCANFORES,DISTRIBUCIONES ROBASA,1.7,0
935,N56,36,14,CALLE,SCHELL,HOLDING REAL EXPRESS,2.7,2
936,U07,22,6,CALLE,BELLAVISTA,DISTRIBUIDORA PACI,1.7,5
937,U04,23,12,CALLE,MANCO CAPAC,DISTRIBUCIONES ROBASA S.A.C.,2.4,9
939,U11,57,9,CALLE,PIURA,DISTRIBUIDORA PACI S.R.L.,3.7,0
940,U11,35,4,CALLE,CONTRALMIRANTE MONTERO,RANSA COMERCIAL S.A.,2.9,6
942,U11,40,5,CALLE,FRIAS AGUIRRE,DISTRIBUIDORA PACI S.R.L,2.6,4
945,R05,54,4,AVENIDA,AREQUIPA,E.T. SVICO LATINO S.A.C.,3.5,8
951,U07,39,4,CALLE,DOS DE MAYO,PEREZ OBISPO REYNA,1.9,6
955,U07,60,10,CALLE,8 DE OCTUBRE,RGB MOVIMIENTO DE TIERRA E.I.R.L.,3.8,0
956,R05,39,8,AVENIDA,AREQUIPA,ANV. NGG. METRO TOURS,3.5,2
961,N56,45,6,AVENIDA,ALFREDO BENAVIDES,VIRGEN DE COPACABANA,3.6,4
963,U11,60,3,CALLE,ARICA,DISTRIBUIDORA ECOLOGICA,2.6,0
965,N56,23,4,AVENIDA,ALFREDO BENAVIDES,HOLDING REAL EXPRESS,3.1,5
967,U07,25,5,PASAJE,LOS PINOS,R Y S CARGA S.A.C,2.9,7
968,U04,32,7,AVENIDA,JORGE CHAVEZ,DISTRIBUIDORA PACI S.R.L.,1.3,1
969,U04,19,3,CALLE,JOSE GONZALES,DISTRIBUCIONES ROBASA,2.1,5
970,U04,50,6,CALLE,JUAN FANNING,DISTRIBUIDORA PACI S.R.L.,3.6,8
975,U11,51,5,CALLE,GONZALES PRADA,DISTRIBUIDORA ZALJ,2.2,8
978,R05,34,6,AVENIDA,AREQUIPA,LORENZO ROQUE RUBEN PEDRO,2.9,6
979,N56,25,10,CALLE,CORONEL INCLAN,E.T ANGAMOS,2.6,9
981,N26,53,12,AVENIDA,ROOSEVELT,ETVIMSA,3.9,3
982,U11,33,7,AVENIDA,PASEO DE LA REPUBLICA,TRANSPORTES 77 S.A,1.4,1
983,R12,29,4,AVENIDA,RICARDO PALMA,TAXI SEGURO S.A.,3.9,7
984,R05,19,10,AVENIDA,AREQUIPA,BALDEIGLESIAS RAMIREZ ADNES CONSINO,3.4,9
988,R12,50,2,AVENIDA,ALFREDO BENAVIDES,E.T. 20 DE SETIEMBRE,3.7,8
989,U04,41,6,CALLE,ALCANFORES,DISTRIBUCIONES ROBASA,3.9,4
996,R15,37,3,AVENIDA,AREQUIPA,GALLARDO BERMUDEZ ENRIQUE V.,1.3,6
1000,U11,44,6,CALLE,BERLIN,DISTRIBUCIONES ROBASA,2.0,4
1001,U07,47,6,AVENIDA,PASEO DE LA REP.,DISTRIBUCIONES ROBASA,2.2,3
1003,R05,21,3,AVENIDA,PASEO DE LA REP.,CERRON HILARIO GUILLERMO L.,1.9,5
1006,N26,18,6,AVENIDA,O.R. BENAVIDES,TRANSLIMA,3.0,5
1009,U04,46,6,CALLE,BERLIN,DISTRIBUCIONES ROBASA,1.3,4
1012,U11,44,2,CALLE,CONTRALMIRANTE MONTERO,TRANSPORTES HECARO,1.5,4
1015,U11,30,3,CALLE,CONTRALMIRANTE MONTERO,TRANSPORTES MERSOL SAC.,3.4,7
1017,U04,30,6,PSJE.,TELLO,TRANSPORTES 77 SA.,1.5,7
1018,U11,53,4,CALLE,CONTRALMIRANTE MONTERO,PANIFICADORA BIMBO,3.7,8
1019,U04,58,10,AVENIDA,DIEZ CANSECO,DISTRIBUIDORA PACI SRL.,3.5,0
1020,U04,23,12,AVENIDA,DIEZ CANSECO,DISTRIBUIDORA PACI SRL.,2.9,9
1021,U04,56,5,CALLE,JUAN FANNING,DISTRIBUIDORA PACI SRL.,3.7,0
1022,U04,53,1,AVENIDA,PETIT THOUARS,DISTRIBUIDORA PACI,1.3,8
1024,U11,33,10,AVENIDA,DIEZ CANSECO,TRANSPORTES J & L,1.8,1
1025,N40,54,7,CALLE,CHICLAYO,CILAP,3.2,0
1028,U07,42,11,CALLE,GENERAL BORGOÃ‘O,COORPORACION F & J,2.4,2
1032,R05,27,9,AVENIDA,PASEO DE LA REP.,ALARCON HUAMANI MIGUEL A.,3.1,7
1034,U07,33,9,CALLE,GENERAL BORGOÃ‘O,TRANSPORTES 77,1.6,1
1035,U10,44,6,CALLE,JOSE GALVEZ,DISTRIBUIDORA CANAN,1.8,4
1036,U11,20,3,CALLE,BERLIN,TRANSPORTES BLANCO NARA EIRL.,2.6,5
1037,U11,54,4,CALLE,PORTA,EMBOTELLADORA DON JORGE SAC.,3.3,8
1042,N56,24,8,AVENIDA,PETIT THOUARS,RAMIRO PRIALE,2.3,9
1043,N56,19,7,AVENIDA,PETIT THOUARS,RAMIRO PRIALE,2.9,5
1045,U11,23,12,CALLE,CONTRALMIRANTE MONTERO,SAN FERNANDO SA.,2.9,9
1049,U11,21,5,CALLE,CONTRALMIRANTE MONTERO,AGROPECUARIA EL CORRAL,3.3,5
1050,U04,50,3,AVENIDA,PETIT THOUARS,S.E.I. MALVINA SAC.,2.1,8
1051,U04,34,8,CALLE,PORTA,TRANSPORTES,1.5,1
1053,U07,20,10,CALLE,CONTRALMIRANTE MONTERO,PONEDORAS PACHACAMAC,3.6,9
1054,U11,33,5,CALLE,SANTANDER,DEMOPOSS EIRL.,3.9,6
1056,U11,26,4,CALLE,BERLIN,DISTRIBUCIONES ROBASA,2.4,7
1059,N14,35,4,CALLE,PIURA,ET. SESOSA,3.9,6
1062,N56,37,5,CALLE,GENERAL VARELA,ETSIRSA,3.6,6
1063,N56,40,5,CALLE,DOS DE MAYO,ALELUYA SA.,3.1,4
1064,N14,57,5,CALLE,PIURA,ETRANCISA,2.3,0
1066,N43,60,10,CALLE,08 DE OCTUBRE,ET. NUEVO HORIZONTE,3.5,0
1067,N14,37,9,AVENIDA,COMANDATE ESPINAR,ET. ANGAMOS,1.8,2
1068,N14,37,12,CALLE,GENERAL VARELA,ETSIRSA,1.3,2
1069,R05,27,10,CALLE,GENERAL IGLESIAS,LOS LIDERES DEL TRANSPORTE,3.0,9
1070,N56,57,2,CALLE,DOS DE MAYO,AQUARUIS SAC,3.9,0
1075,U11,28,5,AVENIDA,DIEZ CANSECO,DISTRIBUIDORA PACI SRL,3.9,7
1076,U04,44,10,CALLE,PORTA,TRANSPORTES 77 SA.,2.9,3
1083,N40,24,7,CALLE,CHICLAYO,ET. EDILBERTO RAMOS SAC.,1.5,9
1084,N40,49,10,CALLE,CORONEL INCLAN,ATCR SA.,2.3,3
1089,N56,43,6,CALLE,DOS DE MAYO,ET. GALILEA EXPRES,3.6,4
1090,N40,25,1,CALLE,CHICLAYO,ATCR,2.6,7
1094,U11,20,10,CALLE,ENRIQUE PALACIOS,DISTRIBUIDORA PACI,3.4,9
1095,U11,24,9,CALLE,JOSE GONZALES,REYES CONTRERAS TEODORA,1.9,9
1096,N45,24,10,CALLE,DOS DE MAYO,HOLDING REAL EXPRESS,3.8,9
1097,N56,56,2,CALLE,CHICLAYO,ET. FOCAMSA,1.7,8
1102,N56,23,10,CALLE,GENERAL VARELA,ET. ANGAMOS,2.3,9
1103,N56,30,5,CALLE,DOS DE MAYO,ET. RAMIRO PRIALE,2.5,7
1104,N40,26,8,CALLE,GENERAL CORDOVA,ETUSA,2.1,7
1105,R15,52,8,AVENIDA,JOSE PARDO,VASQUEZ SIMON SAUL,1.3,8
1106,R15,43,5,AVENIDA,JOSE PARDO,VASQUEZ SIMON SAUL,1.9,4
1107,N14,43,12,CALLE,GENERAL VARELA,ETFOCAMSA,3.0,2
1110,N56,43,10,AVENIDA,BENAVIDES,HOLDING EXPRESS,3.7,2
1111,N14,27,7,CALLE,GENERAL VARELA,ETFOCAMSA,2.7,7
1112,R05,45,9,CALLE,GENERAL SUAREZ,PUMACAYO RIVADENEYRA,3.7,3
1115,U11,45,11,CALLE,FRANCIA,RAMSA COMERCIAL,1.5,3
1118,U11,55,11,CALLE,CANTUARIAS,TRANSPORTES J & L,2.5,0
1119,R12,57,5,CALLE,INCLAN,ET. MOLITOURS SRL.,4.0,0
1120,U17,28,9,PROLONG.,ARENALES,DEMOPOS EIRL.,2.0,7
1123,R05,45,5,AVENIDA,AREQUIPA,ET. TOURS SVICO,3.7,4
1124,R05,45,6,AVENIDA,AREQUIPA,ET. TOURS SVICO,2.1,4
1126,U07,54,6,AVENIDA,COMANDANTE ESPINAR,LA CALERA SAC.,3.0,8
1129,N14,21,7,CALLE,GENERAL VARELA,RAPIDO UNIVERSAL SAC,2.9,5
1130,U04,31,8,CALLE,HIPOLITO UNANUE,HOFERSA SRL.,3.8,1
1134,N14,58,11,CALLE,GENERAL VARELA,SESOSA,2.1,0
1135,N14,32,4,AVENIDA,GENERAL VARELA,ET. ANGAMOS,3.4,6
1136,U11,22,5,AVENIDA,DIEZ CANSECO,DISTRIBUIDORA PACI SRL,1.9,5
1138,N43,41,10,CALLE,DOS DE MAYO,HOLDING EXPRESS,2.7,2
1139,N14,47,3,AVENIDA,JOSE PARDO,RAMIRO PRIALE,2.8,4
1143,R05,27,5,AVENIDA,AREQUIPA,C.J.M. GLOBAL SA.,3.8,7
1150,R05,32,6,AVENIDA,AREQUIPA,INV. Y NEG. TAXI TOURS SAC.,3.8,1
1152,U11,55,5,AVENIDA,ROOSEVELT,GONZALES RAMIREZ CARLOS,2.6,0
1153,N56,24,6,AVENIDA,JOSE PARDO,HOLDING EXPRESS,1.5,5
1154,N56,34,6,AVENIDA,BENAVIDES,HOLREX,3.7,6
1155,N40,32,3,CALLE,GENERAL VARELA,ATCR SA.,2.8,6
1157,N40,51,9,AVENIDA,JOSE PARDO,ET. SAN ANTONIO SA.,1.6,3
1159,N43,54,9,CALLE,DOS DE MAYO,HOLDING EXPRESS,2.5,0
1163,U11,32,5,CALLE,08 DE OCTUBRE,JK LIMAYLLA CONTRATISTAS,2.1,6
1164,N56,30,8,AVENIDA,BENAVIDES,HOLDING REAL EXPRESS,3.9,1
1165,R12,59,6,AVENIDA,BENAVIDES,ET. PEPITO CORAZON SA.,2.9,0
1167,U11,24,5,CALLE,JOSE TORIBIO POLO,DISTRIBUIDORA PACI SRL,1.3,5
1168,U11,36,7,CALLE,JUAN FANNING,DISTRIBUIDORA PACI SRL,2.9,6
1169,N56,33,9,AVENIDA,BENAVIDES,HOLDING EXPRESS,2.6,1
1172,N40,48,9,CALLE,CHICLAYO,ATCR,4.0,3
1173,R12,32,8,AVENIDA,PETIT THOUARS,ET. MOLI TOURS EIRL.,2.0,1
1175,N56,42,4,AVENIDA,PETIT THOUARS,ET. 25 DE SETIEMBRE SAC.,1.7,4
1176,N56,52,5,CALLE,GENERAL VARELA,ETMIMSA,1.2,8
1177,N56,29,10,CALLE,GENERAL VARELA,ET. SANTO CRISTO SA.,1.5,1
1178,U11,36,5,CALLE,INDEPENDENCIA,INV. PROTECHO SAC.,1.9,6
1179,N56,31,7,AVENIDA,JOSE PARDO,HOLDING REAL EXPRESS,2.1,1
1181,N56,27,9,CALLE,GENERAL VARELA,ETMIMSA,3.2,7
1182,N41,48,6,CALLE,DOS DE MAYO,ET. SAMIGSA,3.0,3
1183,N43,57,7,AVENIDA,BENAVIDES,ETRASCSA,3.6,0
1190,R05,38,9,AVENIDA,AREQUIPA,RODRIGUEZ CORREA M.,3.1,2
1194,U07,35,7,CALLE,CHOQUEHUANCA,YARINGAÃ‘O ROSALES L.,2.6,6
1196,R05,33,5,AVENIDA,AREQUIPA,ET. SERV. MULT. MOBY DICK,2.5,6
1197,U11,36,4,CALLE,SAN MARTIN,COMERCIALIZADORA CANAN,2.6,6
1206,N40,47,4,CALLE,GENERAL VARELA,ATCR SA.,2.8,4
1212,U11,49,12,AVENIDA,ERNESTO DIEZ CANSECO,DISTRIBUIDORA PACI SRL,2.3,3
1216,N56,54,7,AVENIDA,CMDTE. ESPINAR,GRUPLAN SA. 524,2.6,0
1217,N56,51,12,CALLE,GENERAL VARELA,ETFOCAM SA.,1.8,3
1218,U07,30,7,AVENIDA,ROOSEVELT,COMPAÃ‘ÃA CENTENARIO,1.7,7
1219,U04,19,5,AVENIDA,PASEO DE LA REP.,TRANSPORTES RKM SAC.,3.1,5
1220,N56,26,7,AVENIDA,ANGAMOS OESTE,ETERSAC,3.1,7
1221,N56,37,6,CALLE,GENERAL VARELA,ET FOCAMSA,1.8,6
1222,U07,19,10,AVENIDA,LA PAZ,TRANSP. J. L. SERV. CARGA,2.5,9
1223,U04,36,8,CALLE,ENRIQUE PALACIOS,BALVIN PIO VICTORIA P.,2.2,2
1224,R15,19,7,AVENIDA,MALECON DE LA RESERVA,INVER. Y NEG. SVICO STAR,2.6,5
1228,R05,27,4,AVENIDA,AREQUIPA,ET. MULT. INVERSIONES N. L.,3.5,7
1229,U11,30,6,AVENIDA,JOSE PARDO,NUÃ‘EZ DE YATACO ANA M.,3.5,7
1235,R05,44,11,AVENIDA,PASEO DE LA REP.,VIRGEN SANTISIMA DE COPACABANA,1.6,3
1237,N56,47,8,AVENIDA,BENAVIDES,ETRANCISA,3.6,3
1238,U04,45,9,CALLE,SCHELL,TRANSPORTES RKM SAC.,3.4,3
1239,U07,43,11,CALLE,DOS DE MAYO,TRANSPORTES CORPORATIVOS,3.3,2
1242,R05,41,7,AVENIDA,PETIT THOUARS,E.T. DE TAXIS JUNIORS,2.0,4
1243,R12,24,5,AVENIDA,BENAVIDES,ET. SANTISIMA VIRGEN COPACABANA,3.9,5
1244,N56,24,3,CALLE,GENERAL VARELA,ET. ANGAMOS SA.,2.0,5
1245,N56,34,4,AVENIDA,BENAVIDES,HOLDIN EXPRESS,3.9,6
1246,N56,25,11,CALLE,GENERAL VARELA,ET. GRUPLAN SA.,2.4,9
1247,N56,59,5,CALLE,GENERAL VARELA,ET. ANGAMOS,1.7,0
1248,N40,47,4,CALLE,CHICLAYO,ET. UNIDOS DOCE DE NOVIEMBRE,1.7,4
1250,R15,37,7,AVENIDA,O.R. BENAVIDES,PURIZACA RUMICHE JAVIER,3.9,2
1251,N40,46,9,CALLE,GENERAL VARELA,UNIDOS DOCE DE NOVIEMBRE,3.3,3
1252,U11,32,9,CALLE,JOSE GALVEZ,RANSA COMERCIAL S.A.,2.1,1
1253,N14,33,9,CALLE,GENERAL VARELA,ETMIMSA,1.5,1
1257,N56,50,7,AVENIDA,PETIT THOUARS,ET. LUIS BANCHERO ROSSY,3.3,8
1259,R15,60,8,AVENIDA,AREQUIPA,ET.  MULT. SVICO,2.6,0
1261,R15,30,11,AVENIDA,AREQUIPA,AYALA POSADAS O.,3.7,1
1270,R05,47,4,AVENIDA,AREQUIPA,ET. SERVICIOS PARIONA SA.,2.7,4
1273,N56,24,9,AVENIDA,DIEZ CANSECO,EMTESSA,3.1,9
1275,U04,19,4,CALLE,SAN MARTIN,DURAND PALOMINO E.,3.7,5
1281,U04,46,5,AVENIDA,OVALO GUTIERREZ,RAMSA COMERCIAL,2.1,4
1283,U11,19,1,AVENIDA,LA MAR,INVERSIONES MOY SAC,3.9,5
1284,U11,36,7,AVENIDA,DIEZ CANSECO,DISTRIBUIDORA PACI SRL.,3.0,6
1289,U04,23,3,CALLE,ITALIA,DISTRIBUCIONES ROBASA  SA.,2.8,5
1290,N26,53,7,AVENIDA,COMANDANTE ESPINAR,HOLDING REAL EXPRESS,3.2,8
1291,U04,32,6,AVENIDA,PASEO DE LA REP.,TRANSPORTES 77,3.2,1
1292,U11,49,5,AVENIDA,PASEO DE LA REP.,IZAGUIRRE FABIAN FELIX,2.4,8
1295,N14,53,9,CALLE,GENERAL VARELA,ET. GRUPLAN SA. 524,3.6,0
1296,U11,44,11,CALLE,BERLIN,TELLO MACAZANA CELSO,1.5,3
1297,U07,56,10,CALLE,SCIPION LLONA,DISTRIBUIDORA PACI,1.6,0
1298,U07,52,10,CALLE,CORONEL INCLAN,TRANSPORTES BRX SAC,1.3,3
1315,U04,44,3,CALLE,ENRIQUE PALACIOS,TRANSPORTES 77 SA.,2.9,4
1316,U04,19,7,CALLE,MANUEL BONILLA,TRANSPORTES JYL SERV. DE CARGA,1.9,5
1317,U11,57,6,CALLE,ARICA,TRANSAT SAC,2.7,0
1319,N26,33,4,AVENIDA,BENAVIDES,LAS FLORES,3.2,6
1320,U11,21,3,CALLE,PIURA,INTRARDERCO INDISTRIAL,3.1,5
1327,U04,30,1,CALLE,INCLAN,DISTRIBUIDORA PACI SRL.,3.6,7
1328,U04,60,5,AVENIDA,JORGE CHAVEZ,DISTRIBUIDORA PACI SRL.,3.6,0
1332,U04,32,8,CALLE,PIURA,DISTRIBUIDORA PACI,2.9,1
1333,U11,30,12,CALLE,PIURA,INTRARDERCO INDISTRIAL,3.9,1
1338,U07,44,8,CALLE,BELLAVISTA,TRANSPORTES RKM SAC.,1.7,4
1339,U04,22,7,AVENIDA,PASEO DE LA REP.,TRANSPORTES 77 SA.,3.6,5
1340,N43,29,5,AVENIDA,ANGAMOS OESTE,ESTSACASA,1.4,7
1344,N43,47,9,AVENIDA,ANGAMOS OESTE,TRUSAC,4.0,3
1346,R05,47,12,AVENIDA,AREQUIPA,ET. ESCOBEDO,1.8,3
1347,R05,36,5,AVENIDA,AREQUIPA,ET. ESCOBEDO,1.8,6
1348,N14,19,5,CALLE,GENERAL VARELA,ET. GRUPLAN SA.,2.3,5
1349,N14,55,4,CALLE,GENERAL VARELA,ETFOCAMSA,3.7,8
1350,U04,22,4,CALLE,ELIAS AGUIRRE,MEJORADA RIVERA REYNALDO,3.4,5
1356,U07,57,6,AVENIDA,RICARDO PALMA,E Y M TRANSPORTES DIVERSOS,3.2,0
1358,N40,28,4,CALLE,GRAL. SUAREZ,HOLDING REAL EXPRESS,3.5,7
1360,R23,28,7,AVENIDA,PETIT THOUARS,MEJIA FLORES H.,3.4,7
1366,U11,38,7,CALLE,JOSE GONZALES,ETRASGEM SAC,1.9,2
1367,N40,55,8,CALLE,CONTRALMIRANTE MONTERO,CILAP,2.3,0
1370,N14,29,5,CALLE,GRAL. VARELA,SESOSA,3.0,7
1374,N14,37,9,CALLE,PIURA,ET. FOCAMSA,1.8,2
1376,R15,37,7,AVENIDA,MRCAL. O.R. BENAVIDES,BEJAR PEREZ PEDRO,1.7,2
1377,N14,58,9,CALLE,GRAL. VARELA,ET ANGAMOS,3.0,0
1378,N56,27,3,CALLE,GRAL. CORDOVA,SESOSA,3.8,7
1379,N14,26,12,CALLE,GRAL. VARELA,ET FOCAM S.A,2.0,9
1380,N56,25,4,CALLE,GRAL. VARELA,ET. ANGAMOS S.A.,3.4,7
1381,N40,57,4,CALLE,GENERAL VARELA,ETEPSA,3.5,0
1382,N14,40,4,CALLE,PIURA,ETSIRSA,2.1,4
1383,N43,40,7,CALLE,DOS DE MAYO,SALAMANCA EXPRESS,3.5,2
1384,U11,55,4,AVENIDA,PETIT THOUARS,BUENDIA URIBE MARCELO,1.9,8
1385,U11,42,7,CALLE,ELIAS AGUIRRE,TRANSPORTES JYL SERVICIOS D.C.,2.0,4
1386,N56,44,8,AVENIDA,LA PAZ,E.T.U. CHAMA,2.7,4
1389,U11,43,12,CALLE,CRNEL. INCLAN,JIREH LOGISTIC JAC,3.1,2
1390,U11,31,10,CALLE,CRNEL. INCLAN,JIREH LOGISTIC JAC,2.8,1
1391,U11,41,4,CALLE,BERLIN,LA CALERA S.A.C.,2.6,4
1392,U11,37,12,CALLE,CONTRALMIRANTE MONTERO,MACTY S.A.C.,2.8,2
1393,U11,51,7,CALLE,BERLIN,RANSA COMERCIAL S.A.,2.3,8
1395,U04,22,6,CALLE,PORTA,DISTRIBUCIONES ROBASA,1.7,5
1396,N56,18,9,AVENIDA,ANGAMOS OESTE,ETSIRSA,3.0,5
1397,U07,53,11,CALLE,BERLIN,DISTRIBUCIONES ROBASA,3.1,0
1401,R12,37,4,AVENIDA,JOSE PARDO,SERVICIOS MULTIPLES E.I.R.L.,3.7,6
1406,U04,25,9,AVENIDA,PETIT THOUARS,TRANSPORTES 77 S.A.,2.5,9
1407,U04,19,1,AVENIDA,PASEO DE LA REP.,TRANSPORTES 77 S.A.,2.3,5
1408,U04,31,5,CALLE,FANNING,DISTRIBUIDORA PACI SRL.,2.1,7
1411,R05,49,10,AVENIDA,PASEO DE LA REPUBLICA,E.T. JYJ TOUR,3.9,3
1412,R15,33,7,AVENIDA,AREQUIPA,VARGAS FLORES MAXIMILIANO,3.7,1
1415,U04,28,10,AVENIDA,DIEZ CANSECO,DISTRIBUIDORA PACI S.R.L.,3.9,1
1420,N26,24,6,AVENIDA,GRAL. CORDOVA,E.T.EXPRESS PACHACAMAC,2.7,5
1421,R05,59,8,AVENIDA,PASEO DE LA REP.,TORRES TORRES ALEXANDER,3.3,0
1423,R05,47,3,AVENIDA,AREQUIPA,E.T. MOLY TOURS,3.9,4
1424,U07,31,7,CALLE,08 DE OCTUBRE,PALOMINO ARTEAGA ANIBAL,3.3,1
1430,R15,42,12,AVENIDA,AREQUIPA,GARCIA SANTIBAÃ‘EZ A.,2.5,2
1432,U11,47,8,AVENIDA,PASEO DE LA REP.,DISTRIBUCIONES ROBASA,1.8,3
1443,U04,36,6,CALLE,COLINA,TRANSP. J. L. SERV. CARGA,1.5,6
1444,U11,22,7,CALLE,GENERAL SUAREZ,COMERCIALIZADORA CANAN,1.7,5
1447,N14,41,3,CALLE,GENERAL VARELA,ETMIMSA,1.9,4
1451,N56,18,4,AVENIDA,PETIT THOUARS,UNIDOS CHAMA,1.9,5
1454,N14,48,4,CALLE,GENERAL VARELA,SESOSA,3.1,8
1456,U11,20,1,CALLE,BERLIN,DISTRIBUCIONES ROBASA SAC.,2.0,5
1457,U11,43,5,CALLE,JUAN FANNING,DISTRIBUIDORA PACI SRL.,2.0,4
1459,N56,48,6,CALLE,GENERAL VARELA,ETMIMSA,3.4,3
1460,U11,51,6,AVENIDA,PASEO DE LA REP.,TRANSSALVER EIRL.,2.7,8
1463,N56,52,7,AVENIDA,JOSE LARCO,HRE EXPRESS,3.6,8
1464,U15,48,4,CALLE,COLON,COMERCIALIZADORA CANAN,3.5,8
1467,R05,44,10,AVENIDA,AREQUIPA,PROM. DE ORO R. DE DOS MIL,1.6,3
1468,U04,33,9,CALLE,JOSE TORIBIO POLO,DISTRIBUIDORA PACI SRL.,2.5,1
1471,U11,19,6,CALLE,GONZALES PRADA,DISTRIBUIDORA PACI,2.5,5
1474,R05,41,6,AVENIDA,PETIT THOUARS,ET. J&J  TOURS SAC.,3.4,4
1475,R23,60,5,AVENIDA,PASEO DE LA REP.,INVERSIONES METRO TOURS,2.5,0
1476,U07,28,9,AVENIDA,PASEO DE LA REP.,RANSA COMERCIAL,1.6,7
1477,U11,39,7,AVENIDA,PASEO DE LA REP.,SAUCEDO SOZA F.,3.8,2
1478,U11,38,3,CALLE,LOS PINOS,SERV. LOGIST. PANIAGUA,2.5,6
1479,R05,29,5,AVENIDA,PASEO DE LA REP.,CAMINO CRUZ FREDDY,1.2,7
1480,N56,34,7,AVENIDA,COMANDANTE ESPINAR,ET. TRANSCASTEL,3.5,6
1481,N43,48,7,AVENIDA,ANGAMOS OESTE,ET. ANGAMOS,2.2,3
1488,U11,45,10,AVENIDA,PASEO DE LA REP.,MILLA HACAYNATE ANTONIO,1.7,3
1489,U04,54,9,AVENIDA,BENAVIDES,SERV. E INVER.MALVINA,1.3,0
1490,N40,31,11,AVENIDA,COMANDANTE ESPINAR,ET. NASSAC SA.,2.0,1
1491,U11,54,7,CALLE,ENRIQUE PALACIOS,COMERCIALIZADORA CANAN,2.3,0
1492,U04,44,13,AVENIDA,PETIT THOUARS,RANSA COMERCIAL SA.,2.2,3
1499,R05,44,8,AVENIDA,AREQUIPA,PAREDES VELA ANALIA,2.7,4
1503,N56,49,8,AVENIDA,ANGAMOS OESTE,ANGAMOS SAC.,2.3,3
1504,U11,52,4,CALLE,DIEZ CANSECO,DISTRIBUIDORA PACI SRL.,3.4,8
1505,U07,49,12,CALLE,DIEZ CANSECO,TRANSPORTES 77 SA.,3.9,3
1507,R13,59,4,AVENIDA,AREQUIPA,ORTEGA ORTEGA DE HORIUELA,3.6,0
1508,R12,31,9,CALLE,SCHELL,CJM GLOBAL SA,1.7,1
1509,N26,25,8,AVENIDA,GENERAL CORDOVA,ET. ANGAMOS,1.9,9
1510,N43,39,5,CALLE,INCLAN,ET. ANGAMOS,2.7,2
1511,R15,40,8,AVENIDA,PETIT THOUARS,ALEGRIA ARIAS JORGE,3.4,2
1512,R15,45,4,AVENIDA,PETIT THOUARS,CONDORI POMACARHUA,2.4,4
1516,R15,55,7,AVENIDA,PETIT THOUARS,INV. Y NEG. GOLTOURS,1.8,0
1519,U07,43,11,AVENIDA,PETIT THOUARS,FASTER SOLUTION SERV. GENERALES,2.0,2
1520,U07,30,9,AVENIDA,PETIT THOUARS,CABLECINTER EIRL.,2.1,1
1521,N43,50,6,AVENIDA,ANGAMOS OESTE,ETMIMSA,4.0,8
1524,R05,26,4,AVENIDA,AREQUIPA,PORRAS CELESTINO LUIS S.,2.6,7
1525,R05,25,12,AVENIDA,AREQUIPA,PEDRO FLODELICIA CHUMPITAZ,1.9,9
1526,N43,35,7,AVENIDA,SANTA CRUZ,ETSLUSA,2.5,6
1527,N43,60,2,AVENIDA,FEDERICO VILLAREAL,ET. ANGAMOS,2.9,0
1530,R05,43,4,AVENIDA,PASEO DE LA REP.,ASOC.,2.3,4
1534,R05,56,5,AVENIDA,AREQUIPA,M. RODRIGUEZ CONDOR,1.6,0
1537,R05,53,8,AVENIDA,AREQUIPA,DIAS QUISPE JOSE L.,2.0,8
1539,R12,18,5,CALLE,GONZALES PRADA,ET. VIRGEN DE COPACABANA,1.6,5
1542,R15,19,7,AVENIDA,PETIT THOUARS,QUIQUIJUNA ALARCON,2.6,5
1544,N56,34,5,AVENIDA,PETIT THOUARS,ET. RAMIRO PRIALE PRIALE,1.8,6
1546,R15,41,7,AVENIDA,PETIT THOUARS,PEREZ CHAUCA,2.6,4
1550,R15,21,4,CALLE,JOSE GALVEZ,ROJAS ORELLANA CARLOS W.,3.3,5
1551,U11,27,8,CALLE,BERLIN,DISTRIBUCIONES ROBASA,1.7,7
1552,U07,46,4,CALLE,BOLOGNESI,TEODORA FIGUEROA S.,3.6,4
1553,R12,27,1,CALLE,JOSE GALVEZ,ET. J &J TOURS SAC.,3.9,7
1554,U11,38,8,CALLE,DOS DE MAYO,TRANSPORTES RKM SAC.,1.4,2
1555,R05,49,4,AVENIDA,AREQUIPA,TAXI PACIFICO SRL.,2.5,8
1558,U07,57,1,AVENIDA,COMANDANTE ESPINAR,LA VIGA SA.,3.6,0
1559,U04,49,11,CALLE,BELLAVISTA,DISTRIBUCIONES FEBARU,1.4,3
1560,U11,32,4,CALLE,BOLOGNESI,PROCESADORA CATRINA SAC.,3.0,6
1561,N56,48,4,AVENIDA,PETIT THOUARS,ET. RAMIRO PRIALE,4.0,4
1566,R05,57,12,AVENIDA,AREQUIPA,CARHUAPOMA ASENCIO LUIS,3.4,0
1568,R05,37,10,AVENIDA,AREQUIPA,ET. MOLITOURS EIRL.,3.5,2
1569,R05,57,4,AVENIDA,PASEO DE LA REP.,SUAREZ RUELAS RENEE,2.0,0
1570,R05,47,6,AVENIDA,PASEO DE LA REP.,SUAREZ RUELAS RENEE,2.4,3
1571,U11,26,7,CALLE,BERLIN,DISTRIBUCIONES ROBASA,3.3,7
1572,N43,20,5,AVENIDA,GENERAL CORDOVA,ETMIMSA,2.6,5
1573,U11,19,8,CALLE,PORTA,DISTRIBUCIONES ROBASA,2.0,5
1574,U07,31,7,CALLE,DOS DE MAYO,TRANSPORTES 77 SA.,3.0,1
1579,R15,58,7,AVENIDA,AREQUIPA,ET. DE TAXI SEBASLERS,2.8,0
1586,N56,32,6,AVENIDA,GENERAL CORDOVA,ETMIMSA,3.2,1
1588,U04,51,10,CALLE,GONZALES PRADA,AVINEY CARGO SAC.,3.9,3
1591,N56,39,10,AVENIDA,BENAVIDES,HRE EXPRESS,1.7,2
1592,N56,27,10,AVENIDA,BENAVIDES,SATO CRISTO DE PACHACAMILLA,3.6,9
1593,N56,26,11,AVENIDA,BENAVIDES,HOLDING REAL EXPRESS,3.7,9
1594,U04,40,6,AVENIDA,PASEO DE LA REP.,TRANSPORTES 77 SA.,1.5,2
1601,R15,56,11,AVENIDA,AREQUIPA,ET. SEBASLERS SA.,2.7,0
1602,R15,43,3,AVENIDA,JOSE LARCO,ET.  T & Y M. ESPECIALES,3.0,4
1609,U11,29,13,CALLE,JOSE GONZALES,RANSA COMERCIAL SA.,4.0,1
1612,R05,30,8,AVENIDA,AREQUIPA,PANTIGUSO VARGAS R.,1.3,1
1615,U07,21,6,AVENIDA,PETIT THOUARS,SERV. E INVERS. MALVINA,3.1,5
1617,U11,44,7,CALLE,BERLIN,DISTRIBUCIONES ROBASA SAC.,3.0,4
1618,U11,43,1,AVENIDA,PETIT THOUARS,CHUCAS CARGO SAC.,1.6,4
1620,R15,23,5,AVENIDA,MALECON BALTA,RONDINEL RONDINEL NELLY,2.5,5
1621,U04,44,3,AVENIDA,PETIT TOHUARS,TRANSPORTES 77,3.2,4
1623,N56,18,5,AVENIDA,JOSE PARDO,HOLDING REAL EXPRESS,3.9,5
1624,R05,53,2,AVENIDA,AREQUIPA,PAREDES VELA  AMALIA,3.4,8
1625,R05,54,8,AVENIDA,AREQUIPA,PAREDES VELA  AMALIA,1.8,0
1629,U07,42,3,CALLE,GENERAL RECAVARREN,RANSA COMERCIAL SA.,3.5,4
1632,U11,33,12,CALLE,GONZALES PRADA,DISTRIBUIDORA PACI,3.9,1
1635,R12,18,10,CALLE,SCHELL,SEÃ‘OR TAXI SRL.,2.2,9
1639,R12,35,8,AVENIDA,PETIT THOUARS,ET. VIRGEN DE COPACABANA,1.9,1
1640,R15,39,4,AVENIDA,PETIT THOUARS,MAURICIO AMANCIO,3.3,4
1641,R15,20,11,AVENIDA,PETIT THOUARS,DAI CHI MOTORS,1.5,9
1642,U07,51,4,AVENIDA,BENAVIDES,TRANSP. VECAR SAC.,2.6,8
1644,R15,20,11,AVENIDA,PETIT THOUARS,CARLOS CAMACHO C.,2.2,9
1646,R15,44,5,AVENIDA,PETIT THOUARS,ET. MULT. KCF,2.2,4
1647,N56,46,12,AVENIDA,BENAVIDES,HOLREX,2.7,3
1649,R05,56,5,AVENIDA,AREQUIPA,ET. TRANSPORTES WINNERS,3.8,0
1651,N26,56,11,AVENIDA,BENAVIDES,HOLDING REAL EXPRESS,3.8,0
1652,N56,55,5,AVENIDA,BENAVIDES,HOLDING REAL EXPRESS,2.5,0
1655,N56,19,3,AVENIDA,BENAVIDES,VIRGEN DE COPACABANA,2.5,5
1656,R05,54,6,AVENIDA,AREQUIPA,ET. J&J TOURS,2.2,8
1658,N26,33,13,AVENIDA,BENAVIDES,AQUARIUS EXPRESS SAC.,2.5,1
1659,N26,52,7,AVENIDA,BENAVIDES,HOLDING REAL EXPRESS,1.7,8
1660,R15,24,8,AVENIDA,BENAVIDES,PRADO JULCA EDWIND M.,3.0,9
1662,R05,36,2,AVENIDA,AREQUIPA,PIDE 1 TAXI SAC,1.7,6
1663,R05,36,6,AVENIDA,AREQUIPA,PIDE 1 TAXI SAC,3.6,6
1668,R15,54,11,AVENIDA,PETIT THOUARS,NEGOCIACIONES SVICO,2.5,0
1670,R12,30,12,AVENIDA,PETIT THOUARS,E.T.M. JUNIORS,1.7,1
1673,R05,55,1,AVENIDA,AREQUIPA,OLIVOS CHAVERA JUAN,3.9,8
1674,N26,57,1,AVENIDA,BENAVIDES,VIRGEN DE COPACABANA,3.7,0
1675,U04,41,6,CALLE,BOLIVAR,DISTRIBUIDORA PACI  SRL.,1.3,4
1677,U04,39,6,AVENIDA,DIEZ CANSECO,TRANSPORTES 77 SA.,3.0,2
1678,U04,27,6,AVENIDA,DIEZ CANSECO,TRANSPORTES 77 SA.,1.9,7
1681,R15,33,8,AVENIDA,BENAVIDES,CORPORACION HAPPY TOURS,2.3,1
1686,R05,28,7,AVENIDA,PASEO DE LA REP.,ROJAS YUCRA WILFREDO,1.9,7
1687,R05,30,5,AVENIDA,PASEO DE LA REP.,SVICO LATINO,2.5,7
1688,U04,53,3,CALLE,JUAN FANNING,DISTRIBUIDORA PACI SRL.,2.4,8
1689,U11,27,5,CALLE,DOS DE MAYO,ET. JEHOVA JHIRE,3.5,7
1691,N43,57,13,CALLE,DOS DE MAYO,TRANSVESA,1.3,0
1692,N43,23,6,CALLE,DOS DE MAYO,ET. AQUARIUS,1.4,5
1693,N43,28,5,CALLE,DOS DE MAYO,TRANSVESA,1.9,7
1695,N43,21,7,CALLE,DOS DE MAYO,HOLDING EXPRESS,2.1,5
1698,R22,26,10,AVENIDA,PETIT THOUARS,ET. VIRGEN DE COPACABANA,3.5,9
1700,U07,41,10,AVENIDA,RICARDO PALMA,TRANSPORTES 77 SA.,3.2,2
1702,R05,27,7,AVENIDA,AREQUIPA,LEON CHAVARRY CLAN C.,3.6,7
1706,N56,51,11,AVENIDA,PETIT THOUARS,ET.  SAN SEBASTIAN,3.3,3
1707,U04,34,6,CALLE,SAN MARTIN,COMERCIALIZADORA CANAN,1.3,6
1710,U11,29,7,CALLE,CONTRALMIRANTE MONTERO,GRUPO NOVATRANS.  SA.,3.1,7
1712,N40,20,8,CALLE,CHICLAYO,ATCR SA.,2.2,5
1713,N26,47,9,AVENIDA,BENAVIDES,C.T. TRANSCASTEL,3.5,3
1714,N43,42,9,CALLE,DOS DE MAYO,TRANSVESA,3.3,2
1715,U04,57,7,AVENIDA,PASEO DE LA REP.,DISTRIBUCIONES ROBASA SAC.,3.1,0
1716,U04,39,5,CALLE,HENRY REVETT,CORP. DE TRANSP. CARLEY SA.,3.8,2
1717,U04,47,4,CALLE,BERLIN,DISTRIBUCIONES ROBASA SAC.,2.7,4
1718,U04,49,10,CALLE,BERLIN,TRANSPORTES 77 SA.,2.1,3
1722,N40,24,3,CALLE,CHICLAYO,ET. EXPRESS PACHACAMAC,3.9,5
1724,N56,39,12,AVENIDA,BENAVIDES,HOLDING REAL EXPRESS,2.6,2
1727,N14,27,6,AVENIDA,COMANDANTE ESPINAR,SESOSA,2.7,7
1730,N40,45,1,CALLE,CHICLAYO,ETMIMSA,3.1,4
1731,N56,54,3,CALLE,SCHELL,HOLREX,3.0,8
1734,R05,23,5,AVENIDA,AREQUIPA,IJECORP J&L SA.,3.5,5
1737,N14,56,7,CALLE,GENERAL VARELA,SESOSA,2.7,0
1738,R12,57,7,AVENIDA,AREQUIPA,ET. MOLI TOURS EIRL.,2.8,0
1741,N01,52,6,AVENIDA,PETIT THOUARS,SUAREZ RUELAS RENEE,1.4,8
1743,U04,49,6,AVENIDA,PASEO DE LA REP.,TRANSPORTES 77 SA.,2.0,8
1744,U04,54,5,AVENIDA,PASEO DE LA REP.,TRANSPORTES 77 SA.,2.1,8
1746,U04,53,5,AVENIDA,DIEZ CANSECO,DISTRIBUIDORA PACI SRL.,2.4,8
1751,U11,29,4,AVENIDA,PASEO DE LA REP.,VALVERDE ARMAS MIJAIL Y.,3.9,7
1753,U11,45,6,CALLE,BERLIN,CUADRADO DOMINGUEZ O.,1.2,4
1754,U11,46,4,AVENIDA,PASEO DE LA REP.,TRANSPORTES EDPAD,3.7,4
1757,U04,36,4,CALLE,CONTRALMIRANTE MONTERO,RANSA COMERCIAL SA.,3.2,6
1759,U17,26,9,CALLE,BELLAVISTA,MARTINEZ HEREDIA H.,2.2,9
1761,N26,37,11,AVENIDA,BENAVIDES,HOLDING REAL EXPRESS,2.7,2
1762,N45,42,6,CALLE,DOS DE MAYO,HOGAR TOURS,3.6,4
1763,N33,39,5,CALLE,DOS DE MAYO,STAR TOURS,3.0,2
1765,U04,37,7,CALLE,DOS DE MAYO,DISTRIBUIDORA PACI SRL.,2.4,2
1773,U07,37,10,AVENIDA,BENAVIDES,CARRILLO DE LA CRUZ,2.9,2
1774,U11,40,2,AVENIDA,PASEO DE LA REP.,GRUAS Y TRANSP. S. SEBASTIAN,2.5,4
1782,U11,23,8,CALLE,PIURA,TRANSPORTES 77 SA.,4.0,9
1783,N56,19,11,AVENIDA,PETIT THOUARS,LUIS BANCHERO ROSSI,3.8,9
1784,R05,24,5,AVENIDA,AREQUIPA,PROMOCION DE ORO RUMBO 2000,3.2,5
1785,R05,59,8,AVENIDA,AREQUIPA,PROMOCION DE ORO RUMBO 2000,1.8,0
1790,U07,18,8,AVENIDA,DEL EJERCITO,TRANSFORT SAC.,3.5,5
1791,R15,46,4,AVENIDA,PASEO DE LA REP.,ET. TAXI Y MULTISERVICIOS,4.0,4
1793,R15,37,11,AVENIDA,PASEO DE LA REP.,AYALA POSADAS O.,3.1,2
1795,R05,48,6,AVENIDA,PASEO DE LA REP.,ROJAS VILLANUEVA YURI,3.3,3
1796,N26,50,8,AVENIDA,BENAVIDES,VIRGEN DE COPACABANA,1.6,3
1797,R12,36,10,CALLE,GERVASIO SANTILLANA,AUTOTAXI SATELITAL,3.0,2
1799,R05,33,4,AVENIDA,PASEO DE LA REP.,ROJAS VILLANUEVA YURI,3.6,6
1800,N56,48,4,CALLE,CHICLAYO,ETMIMSA,2.6,8
1802,R12,43,6,CALLE,GERVASIO SANTILLANA,ET. INV. NEG. SVICO LATINO,3.6,4
1803,R15,52,12,CALLE,GERVASIO SANTILLANA,CARPIO MARCOS JORGE L.,4.0,3
1804,U11,19,9,AVENIDA,DIEZ CANSECO,DISTRIBUIDORA PACI SRL.,1.3,9
1805,R05,60,9,AVENIDA,AREQUIPA,HECTOR MARCELO MATUTE C.,3.9,0
1807,N56,52,12,CALLE,GENERAL VARELA,ETUSA,2.4,3
1808,N56,58,3,CALLE,GENERAL VARELA,ETMIMSA,3.7,0
1810,N56,43,10,CALLE,GENERAL VARELA,ET. ANGAMOS,2.9,2
1811,N40,25,11,CALLE,CHICLAYO,ET. GRUPLAN SA.,1.9,9
1812,U11,23,7,AVENIDA,COMANDANTE ESPINAR,RANSA COMERCIAL SA.,2.6,9
1813,N40,55,6,CALLE,CHICLAYO,ATCR,1.9,0
1814,N56,50,12,CALLE,GENERAL VARELA,ET. GRUPLAN SA.,3.7,3
1815,N40,23,3,CALLE,CHICLAYO,ET. GRUPLAN  SA.,2.5,5
1816,N40,28,6,CALLE,CORONEL INCLAN,ETERSAC,2.0,7
1817,N26,38,6,AVENIDA,BENAVIDES,GRUPO CONSORCIO SALAMANCA,2.0,2
1819,N56,33,10,AVENIDA,PETIT THOUARS,CONSORCIO GOMEZ,1.4,1
1820,U04,34,9,CALLE,08 DE OCTUBRE,DISTRIBUIDORA PACI SRL.,2.8,1
1822,N26,49,7,AVENIDA,BENAVIDES,HOLDING REAL EXPRESS,1.2,3
1823,N26,19,5,AVENIDA,BENAVIDES,HOLDING REAL EXPRESS,2.2,5
1826,R12,22,12,AVENIDA,PETIT THOUARS,E.T GENESIS,2.1,9
1827,R05,58,9,AVENIDA,AREQUIPA,AUTOGOL TOURS SRL.,2.1,0
1828,N26,44,7,AVENIDA,GENERAL CORDOVA,ET. ANGAMOS SA.,3.3,4
1831,N56,58,9,AVENIDA,PETIT THOUARS,ET. U. CHAMA SA.,3.1,0
1835,U11,41,3,CALLE,HENRY REVETT,MULTICARGAS G & J,1.5,4
1836,U11,26,6,CALLE,LOS PINOS,COMERCIALIZADORA CANAN,3.4,7
1838,U11,59,10,CALLE,CORONEL INCLAN,DISTRIBUCIONES ROBASA,2.3,0
1840,N14,46,7,CALLE,GENERAL SUAREZ,STAR TOURS,2.0,3
1841,R05,59,11,AVENIDA,AREQUIPA,COPPA RAMIREZ JAVIER,4.0,0
1842,R05,59,1,AVENIDA,AREQUIPA,INV. METRO TOURS,1.3,0
1843,N56,22,6,AVENIDA,BENAVIDES,HOLDING REAL EXPRESS,1.3,5
1846,R05,44,4,AVENIDA,AREQUIPA,A. Y JUNIOR SAC.,3.3,4
1847,N26,41,3,AVENIDA,BENAVIDES,HOLREX EXPRESS,1.3,4
1848,N56,28,4,AVENIDA,BENAVIDES,HOLREX EXPRESS,1.7,7
1849,N56,45,6,CALLE,SCHELL,HOLREX EXPRESS,3.6,4
1851,U04,40,9,CALLE,INDEPENDENCIA,COMERCIALIZADORA CANAN,1.5,2
1852,N26,47,11,AVENIDA,BENAVIDES,VIRGEN DE COPACABANA,1.7,3
1853,N26,26,4,AVENIDA,BENAVIDES,ET. AQUARIOS,3.0,7
1854,N56,30,4,CALLE,SCHELL,HOLREX EXPRESS,1.6,7
1859,N56,25,7,AVENIDA,PASEO DE LA REP.,HOLREX EXPRESS,3.4,7
1860,N56,22,10,AVENIDA,PASEO DE LA REP.,ESPECIAL SOLIDARIDAD,1.2,9
1861,N56,49,5,AVENIDA,BENAVIDES,HOLDING EXPRESS,3.6,8
1863,U11,22,6,CALLE,LOS PINOS,FQ INGENIEROS SAC.,1.7,5
1864,U04,60,3,CALLE,BERLIN,DISTRIBUCIONES ROBASA,1.9,0
1866,R12,28,10,CALLE,GERVASIO SANTILLANA,STM. VIRGEN DE COPACABANA,3.5,1
1867,N56,34,10,CALLE,GERVASIO SANTILLANA,25 DE SETIEMBRE,3.6,1
1869,U04,25,8,AVENIDA,RICARDO PALMA,TRANSPORTES 77 SA.,3.1,9
1870,N56,26,8,AVENIDA,BENAVIDES,URANO TOURS,1.3,7
1871,N56,40,2,AVENIDA,BENAVIDES,HRE EXPRESS,2.7,4
1873,U07,41,5,CALLE,CONTRALMIRANTE MONTERO,CIA. AGROIND. PUNTA DEL SUR,2.8,4
1874,U11,21,2,CALLE,BERLIN,REPRES. HS PISFIL RUEDA,2.6,5
1878,N26,19,5,AVENIDA,BENAVIDES,HOLDING REAL EXPRESS,3.9,5
1885,N56,55,4,AVENIDA,PASEO DE LA REP.,RAMIRO PRIALE,2.4,8
1886,N56,44,3,AVENIDA,BENAVIDES,HRE EXPRESS,3.2,4
1888,U07,53,3,AVENIDA,PASEO DE LA REP.,CACEREZ VILCHEZ ROBERT,3.7,8
1889,N56,23,3,AVENIDA,RICARDO PALMA,HOLDING EXPRESS,3.8,5
1890,U11,47,6,AVENIDA,PASEO DE LA  REP.,FLORES TORIBIO JAIME,1.3,3
1891,U04,39,6,PSJE.,OLAYA,CENTRAL PERU SA.,1.3,2
1894,U04,56,7,AVENIDA,BENAVIDES,TRANSPORTES RKM SAC.,1.2,0
1895,U11,57,8,CALLE,ENRIQUE PALACIOS,TRANSP. MUDANZA ANGEL,3.6,0
1900,R05,48,11,AVENIDA,AREQUIPA,TAXI NUEVO SAN JUAN SAC.,2.4,3
1901,U04,36,9,CALLE,BERLIN,DISTRIBUCIONES ROBASA,3.3,2
1903,N26,22,6,AVENIDA,GENERAL CORDOVA,ETMIMSA,3.9,5
1906,U11,49,6,AVENIDA,DIEZ CANSECO,DISTRIBUCIONES ROBASA,2.1,8
1907,N26,42,8,AVENIDA,BENAVIDES,HOLDING REAL EXPRESS,3.3,2
1910,N26,60,7,AVENIDA,BENAVIDES,HOGAR TOURS SAC.,3.8,0
1911,N56,47,5,AVENIDA,BENAVIDES,HOLDING REAL EXPRESS,2.0,4
1913,R05,31,10,AVENIDA,AREQUIPA,PROMOCION DE ORO RUMBO 2000,2.0,1
1914,U11,34,10,CALLE,RECAVARREN,DISTRIBUIDORA PACI SRL.,1.3,1
1915,N58,41,6,AVENIDA,BENAVIDES,HOLDING EXPRESS,2.3,4
1916,U11,59,7,AVENIDA,GRAU,CONCRET. MAX SA.,1.3,0
1917,U11,55,5,AVENIDA,GRAU,CONCRET. MAX SA.,2.0,0
1920,U04,27,7,AVENIDA,PETIT THOAURS,DISTRIBUCIONES ROBASA,1.8,7
1925,N26,20,2,AVENIDA,O.R. BENAVIDES,ET. TRANSLIMA SA.,3.9,5
1927,U04,53,3,AVENIDA,RICARDO PALMA,DURAND PALOMINO E.,1.3,8
1928,R05,39,7,AVENIDA,PASEO DE LA REP.,ET. 06 DE SETIEMBRE,3.6,2
1929,U04,44,5,AVENIDA,DIEZ CANSECO,DISTRIBUIDORA PACI,1.4,4
1930,U04,32,2,CALLE,BERLIN,DISTRIBUCIONES ROBASA,3.9,6
1932,N56,25,3,CALLE,ATAHUALPA,BANCHERO ROSI,1.3,7
1934,N56,57,4,AVENIDA,O.R. BENAVIDES,ETRASCPSA,2.2,0
1936,N56,56,6,AVENIDA,PASEO DE LA REP.,ESPECIAL SOLIDARIDAD,2.6,0
1937,N56,29,8,AVENIDA,PASEO DE LA REP.,AQUARIUS EXPRESS,3.2,7
1940,U04,34,8,AVENIDA,DIEZ CANSECO,DISTRIBUIDORA PACI SRL.,1.7,1
1941,N56,59,8,CALLE,DOS DE MAYO,RAMIRO PRIALE,2.5,0
1942,R12,34,11,AVENIDA,RICARDO PALMA,ET. MOLITOURS EIRL.,1.9,1
1944,U04,27,5,CALLE,JUAN FANNING,DISTRIBUIDORA PACI SRL.,2.0,7
1945,R15,49,10,AVENIDA,BENAVIDES,ET. J&J TOURS SAC.,1.4,3
1950,U11,21,11,CALLE,LAS DALIAS,RANSA COMERCIAL SA.,3.9,9
1951,U11,52,8,CALLE,FRANCIA,DISTRIBUIDORA PACI SRL.,1.7,8
1952,U04,48,6,CALLE,LOS PINOS,RANSA COMERCIAL SA.,2.7,3
1960,U07,20,9,CALLE,CONTRALMIRANTE MONTERO,TRANSP. PERALTA E HIJOS,2.3,9
1965,U11,54,11,AVENIDA,LA PAZ,VEND SAC.,3.1,0
1966,U07,37,3,CALLE,CONTRALMIRANTE MONTERO,RAMSA COMERCIAL,3.5,6
1969,U11,19,4,CALLE,SAN MARTIN,COMERCIALIZADORA CANAN,3.7,5
1970,U04,50,7,CALLE,LOS PINOS,DISTRIBUCIONES ROBASA SAC,3.2,8
1971,R12,22,11,AVENIDA,PETIT THOUARS,GIRACORP G. DE N. Y S. MULTIPLES,2.3,9
1972,R05,58,2,AVENIDA,AREQUIPA,ET. MULT. SEBASLER,3.6,0
1974,U11,43,9,CALLE,CONTRALMIRANTE MONTERO,TRANS LIMA CARGA,2.6,2
1975,U07,34,11,AVENIDA,PASEO DE LA REP.,DISTRIBUIDORA PACI SRL.,2.2,1
1976,U11,39,7,CALLE,LOS PINOS,TRANSPORTES 77 SA.,1.7,2
1977,N26,37,11,AVENIDA,BENAVIDES,HRE EXPRESS,2.7,2
1978,N56,55,5,AVENIDA,BENAVIDES,HOLREX EXPRESS,1.5,0
1979,N56,45,4,AVENIDA,PETIT THOUARS,RAMIRO PRIALE,2.5,4
1981,R05,54,2,AVENIDA,PETIT THOUARS,INV. Y NEG. GOLD TOURS SRL.,3.8,8
1986,R05,37,7,AVENIDA,AREQUIPA,SERV. MULT. MOBI Y DICK,1.3,2
1987,N56,20,13,AVENIDA,ANGAMOS OESTE,ETMIMSA,1.4,9
1988,R05,27,6,AVENIDA,AREQUIPA,ET. CALLAO TAXI SAC,1.5,7
1989,N26,37,4,AVENIDA,GENERAL CORDOVA,ETMIMSA,3.4,6
1990,R05,43,3,AVENIDA,AREQUIPA,ET. ESPECIALES CHAVEZ,2.6,4
1991,N56,55,9,AVENIDA,BENAVIDES,HOLDING REAL EXPRESS,3.0,0
1993,N56,32,2,AVENIDA,BENAVIDES,HOLDING REAL EXPRESS,1.8,6
1996,U11,34,3,CALLE,CONTRALMIRANTE MONTERO,LA CALERA,3.0,6
1997,U04,33,5,CALLE,PIURA,DISTRIBUIDORA PACI SRL.,1.9,6
1998,U04,35,8,CALLE,BERLIN,REPRESENTACIONES HS,2.5,1
2001,U04,56,6,CALLE,TARAPACA,RANSA COMERCIAL SA.,1.9,0
2002,U04,54,5,CALLE,BELLAVISTA,TRANSPORTES 77 SA.,2.5,8
2003,U11,47,9,CALLE,JUAN FANNING,DISTRIBUIDORA PACI SRL,2.1,3
2010,U11,54,6,CALLE,RECAVARREN,COMERCIALIZADORA CANAN,3.7,8
2011,U04,25,6,AVENIDA,PASEO DE LA REP.,TRANSPORTES RKM SA.,2.0,7
2015,U04,31,3,CALLE,ALFONSO UGARTE,CAOMERCIALIZADORA CANAN SAC.,2.9,7
2018,U07,24,6,CALLE,BOLOGNESI,VALENCIA JUAREGUI ANTONIO,2.6,5
2019,U04,51,9,CALLE,BELLAVISTA,TRANSP. DE MERCANCIA CLEAM,3.5,3
2023,N56,22,7,AVENIDA,PETIT THOUARS,HOLREX EXPRESS,2.1,9
2025,N40,53,12,CALLE,INCLAN,ET. EDILBERTO RAMOS SAC,3.1,3
2027,N14,51,10,CALLE,GENERAL VARELA,ET. GRUPO DIEZ SAC.,2.8,3
2028,N56,23,12,CALLE,DOS DE MAYO,VIRGEN DE LA PUERTA,1.2,9
2029,N56,40,3,CALLE,DOS DE MAYO,VIRGEN DE LA PUERTA,3.3,4
2030,N56,29,7,AVENIDA,BENAVIDES,REAL EXPRESS,2.6,7
2032,U04,46,9,CALLE,BOLOGNESI,DISTRIBUCIONES ROBASA SAC,2.2,3
2033,R05,59,7,AVENIDA,PASEO DE LA REP.,REYNA ISLA ALCIBIADES,1.6,0
2036,U17,25,7,CALLE,BERLIN,GRUPO GR CURIC,2.4,7
2039,U04,18,9,CALLE,PORTA,DISTRIBUCIONES ROBASA SAC.,3.8,5
2040,U07,56,5,CALLE,DOS DE MAYO,TRANSPORTES 77 SA.,2.7,0
2041,R15,23,2,AVENIDA,O.R. BENAVIDES,GIRACORP. SERV. MULTIPLES,2.5,5
2045,N56,31,10,CALLE,CHICLAYO,ATCR,3.7,1
2052,U11,55,2,CALLE,TARATA,FOOD PACK SAC.,3.8,8
2053,N56,43,6,AVENIDA,O.R. BENAVIDES,UNIDOS CHAMA,3.9,4
2055,N26,54,4,AVENIDA,GENERAL CORDOVA,ET. ETMINSA,3.8,8
2056,N40,30,9,CALLE,CHICLAYO,ATCR,1.7,1
2060,N26,24,8,AVENIDA,GENERAL CORDOVA,ET. CHAMA SA.,1.8,9
2061,N56,37,10,AVENIDA,PASEO DE LA REP.,25 DE SETIEMBRE,1.9,2
2065,R05,42,9,AVENIDA,AREQUIPA,INVERSIONES GEA MOTORS SAC,1.5,2
2066,U04,27,3,CALLE,JOSE GALVEZ,CODISER DISTRIBUCIONES,1.5,7
2067,N40,23,3,CALLE,CHICLAYO,ET. GRUPLAN SA.,1.8,5
2070,R01,27,4,AVENIDA,PETIT THOAURS,LUYO VICENTE CARLOS,3.0,7
2071,R05,53,5,AVENIDA,AREQUIPA,TAXI NUEVO SAN JUAN,2.0,8
2072,N56,52,6,CALLE,GERVACIO SANTILLANA,25 DE SETIEMBRE,2.5,8
2073,U07,34,4,CALLE,GENERAL MENDIBURU,CANALES FLORES PEDRO J.,2.0,6
2074,U11,37,10,CALLE,JOSE GALVEZ,TRANSPORTES SARUKA SA.,3.8,2
2076,N40,34,10,CALLE,CHICLAYO,ATCR,3.9,1
2087,N56,32,4,AVENIDA,PASEO DE LA REP.,ESPECIAL SOLIDARIDAD,1.4,6
2088,N56,36,10,AVENIDA,PASEO DE LA REP.,ESPECIAL SOLIDARIDAD,3.9,1
2089,N56,31,7,AVENIDA,GENERAL CORDOVA,ET. GRUPLAN SA.,2.9,1
2090,U07,33,3,AVENIDA,PASEO DE LA REP.,GRUPO INV. Y TRANS. MENDOZA,3.0,6
2091,U04,51,7,CALLE,LOS PINOS,COMERCIALIZADORA CANAN,3.7,8
2092,N40,19,6,CALLE,CHICLAYO,ET. FOCAM SA.,3.1,5
2093,N14,56,7,CALLE,GENERAL VARELA,ETMINSA,2.3,0
2097,R05,35,5,AVENIDA,PASEO DE LA REP.,GOMEZ GUTIERREZ A.,2.9,6
2099,R05,18,5,AVENIDA,PASEO DE LA REP.,ROMERO PEREZ M.,1.3,5
2100,R05,41,3,AVENIDA,PASEO DE LA REP.,E.T. MOBY DICK,1.9,4
2105,U11,57,10,CALLE,GRIMALDO DEL SOLAR,DISTRIBUIDORA PACI,2.3,0
2107,U04,23,11,CALLE,BELLAVISTA,TRANSPORTES 77 SA.,2.6,9
2111,U04,45,3,AVENIDA,PASEO DE LA REP.,DISTRIBUIDORA ROBASA,1.4,4
2115,U11,47,11,CALLE,ENRIQUE PALACIOS,GRUPO PANAMUNDO,2.1,3
2117,U11,40,8,CALLE,JUAN FANNING,DISTRIBUIDORA PACI,1.8,2
2120,N24,32,10,AVENIDA,PASEO DE LA REP.,ESPECIAL SOLIDARIDAD,1.2,1
2122,U11,31,4,CALLE,SAN MARTIN,CAPRILLO DE LA CRUZ VICTOR,3.3,7
2123,U11,32,12,CALLE,ELIAS AGUIRRE,DISTRIBUIDORA PACI SRL.,2.5,1
2125,U11,31,8,CALLE,LOS CAROLINOS,ODEBRECHI P.I. Y CONSTRUCCION,1.3,1
2126,U11,51,11,CALLE,INDEPENDENCIA,N.T.C. SERVICIOS GENERALES SAC.,3.5,3
2127,U11,40,7,CALLE,GARCIA BEDOYA,TRANSPORTES JAC Y H.,1.7,2
2128,U11,27,11,CALLE,BERLIN,CORPORACION ANDI EIRL.,2.5,9
2129,U11,38,8,CALLE,ELIAS AGUIRRE,ARIES CARGO SAC,3.7,2
2131,N71,37,10,AVENIDA,RICARDO PALMA,HOLDIN REAL EXPRESS,2.5,2
2132,U04,31,4,CALLE,TARAPACA,SERV. LOG. PANIAGUA,2.5,7
2133,U04,43,6,CALLE,JOSE CHOQUEHUANCA,DISTRIBUIDORA PACI,2.9,4
2140,U04,26,6,CALLE,JOSE CHOQUEHUANCA,DISTRIBUIDORA PACI,1.3,7
2141,U04,32,12,AVENIDA,PETIT THOUARS,DISTRIBUCIONES ROBASA SAC.,1.8,1
2142,U11,36,7,AVENIDA,PASEO DE LA REP.,C. DE TRANSPORTES CARLEY,1.5,6
2143,U11,28,8,CALLE,GENERAL BORGOÃ‘O,HOFERSA SRL.,2.6,7
2144,N71,30,6,CALLE,GENERAL BORGOÃ‘O,ET. ANGAMOS,1.8,7
2145,U11,34,9,CALLE,INDEPENDENCIA,SAN FERNANDO SA.,3.0,1
2146,U11,31,10,AVENIDA,DIEZ CANSECO,DISTRIBUIDORA PACI SRL.,2.2,1
2147,R15,34,8,AVENIDA,RICARDO PALMA,REYNAGA TALAVERANO,2.9,1
2148,U07,20,9,AVENIDA,BENAVIDES,TRANSPORTES 77,3.8,9
2149,U07,25,10,CALLE,LOS PINOS,DISTRIBUIDORA PACI SRL.,2.8,9
2153,R05,37,7,AVENIDA,PASEO DE LA REP.,ALAGON ALEGRE SIXTO,3.2,2
2156,R05,22,7,AVENIDA,AREQUIPA,CHAPARRO CARRILLO WILBER,3.9,5
2164,R12,46,11,AVENIDA,PETIT THOAURS,ET. MOLITOURS EIRL.,1.7,3
2165,U07,57,6,CALLE,GENERAL BORGOÃ‘O,INVERSIONES MOY SAC,3.0,0
2166,U07,43,5,AVENIDA,JORGE CHAVEZ,PALOMINO JORGE CIPRIANO,1.5,4
2168,U11,53,7,CALLE,MARIA PARADO DE BELLIDO,TORRES REYNAGA ALFREDO,3.6,8
2170,R12,40,6,AVENIDA,RICARDO PALMA,ET. SVICO LATINO,3.2,2
2171,U11,40,5,AVENIDA,PASEO DE LA REP.,TRANSPORTES CIPRIANO,3.7,4
2172,R15,28,10,AVENIDA,MALECON DE LA RESERVA,GLOBAL FAST SAC.,1.7,1
2173,U11,43,4,CALLE,ATAHUALPA,MENDEZ HUAMAN  S.,1.8,4
2185,R15,19,7,CALLE,SCHELL,MEGA TOURS  DE LOS OLIVOS,2.4,5
2191,N61,35,8,AVENIDA,BENAVIDES,HOLREX EXPRESS,2.7,1
2192,N61,56,3,AVENIDA,BENAVIDES,VIRGEN DE COPACABANA,3.1,0
2193,N61,37,7,AVENIDA,BENAVIDES,HOLDING EXPRESS,3.1,6
2196,R05,54,7,AVENIDA,AREQUIPA,ET. CALLAO TAXI TOURS,1.7,0
2199,R05,31,3,AVENIDA,AREQUIPA,LORENZO ROQUE RUBEN,3.6,7
2200,U07,60,7,CALLE,BOLOGNESI,ARIES CARGO SAC.,1.7,0
2207,U04,48,6,CALLE,JOSE CHOQUEHUANCA,DISTRIBUIDORA PACI SRL.,3.8,3
2208,U04,32,3,AVENIDA,RICARDO PALMA,DISTRIBUIDORA ROBASA,1.3,6
2210,N61,21,6,AVENIDA,BENAVIDES,URANO TOURS,2.7,5
2212,N61,56,10,AVENIDA,BENAVIDES,HOLREX EXPRESS,3.2,0
2218,N61,23,10,AVENIDA,DIEZ CANSECO,HOLREX EXPRESS,2.2,9
2219,U17,41,6,CALLE,CONTRALMIRANTE MONTERO,SERV. LOGISTICOS PANIAGUA,2.0,4
2220,U04,31,3,CALLE,GENERAL SUAREZ,DISTRIBUIDORA PACI,1.6,7
2221,U11,19,7,CALLE,FRANCIA,DISTRIBUIDORA PACI SRL.,2.5,5
2228,U04,38,10,CALLE,FRANCISCO DE PAULA CAMINO,TRANSPORTES 77,3.8,2
2229,R05,43,10,AVENIDA,AREQUIPA,GUTIERREZ BELLIDO G.,1.9,2
2232,U11,33,9,CALLE,JOSE GONZALES,DISTRIBUIDORA ROBASA,3.2,1
2233,N61,37,5,CALLE,ATAHUALPA,GALILEA EXPRESS,1.2,6
2234,N61,20,4,AVENIDA,BENAVIDES,URANO TOURS,1.7,5
2235,U04,25,12,CALLE,PORTA,DISTRIBUCIONES ROBASA SAC,3.7,9
2237,U04,55,3,CALLE,JUAN FANNING,DISTRIBUIDORA PACI SRL.,1.3,8
2240,N34,30,9,AVENIDA,BENAVIDES,URANO TOURS,3.3,1
2241,U11,25,10,CALLE,ARICA,MEJORADA RIVERA JUAN,3.3,9
2242,U04,23,6,AVENIDA,JORGE CHAVEZ,DISTRIBUCIONES ROBASA,1.9,5
2247,N34,22,1,AVENIDA,BENAVIDES,TRANSCASTEL,2.9,5
2248,R15,27,3,AVENIDA,BENAVIDES,GAVILAN LAFFOSE DE GRIJALVA,1.9,7
2251,U11,55,6,CALLE,ENRIQUE PALACIOS,RANSA COMERCIAL,1.6,0
2252,R15,22,5,AVENIDA,JOSE PARDO,BASTIDAS PAITAMPOMA,1.7,5
2254,U11,51,10,AVENIDA,PASEO DE LA REP.,REYES CONTRERAS TEODORA,1.5,3
2256,N61,29,6,AVENIDA,BENAVIDES,VIRGEN DE COPACABANA,2.5,7
2257,N61,37,2,AVENIDA,BENAVIDES,VIRGEN DE COPACABANA,1.8,6
2260,U11,38,8,CALLE,GONZALES PRADA,DISTRIBUIDORA PACI,3.6,2
2262,R12,54,2,CALLE,SCHELL,SEÃ‘OR TAXI SRL,2.1,8
2265,U11,28,7,CALLE,CONTRALMIRANTE MONTERO,GARCIA BASILIO OLGA,3.8,7
2267,U04,55,8,CALLE,MATEO PUMACAHUA,REPARTO PERU SAC,2.1,0
2268,U04,32,10,CALLE,GRIMALDO DEL SOLAR,TRANSP. J & L. SERV. CARGA,2.4,1
2269,R05,29,9,AVENIDA,AREQUIPA,ET. CHAVEZ,1.3,1
2270,U11,31,7,CALLE,08 DE OSCTUBRE,QUISPE MELGAREJO P.,2.0,1
2271,U04,29,5,CALLE,BERLIN,TRANSPORTES 77 SA.,3.6,7
2273,R05,39,9,AVENIDA,PASEO DE LA REP.,ROJAS VILLANUEVA YURI,1.7,2
2275,U11,57,10,AVENIDA,REDUCTO,DEMOLICIONES CACEDA V.,3.7,0
2276,U11,48,7,AVENIDA,PSJ. TELLO,DISTRIBUCIONES ROBASA,3.8,3
2278,U04,49,4,CALLE,INDEPENDENCIA,DISTRIBUIDORA PACI,3.7,8
2280,U04,27,8,AVENIDA,PASEO DE LA REP.,DISTRIBUCIONES PACI,1.4,7
2285,U04,21,11,CALLE,JOSE CHOQUEHUANCA,DISTRIBUCIONES PACI SRL.,1.6,9
2286,N61,31,6,AVENIDA,PETIT THOUARS,RAMIRO PRIALE,3.4,1
2291,N24,57,3,AVENIDA,PASEO DE LA REP.,HOLDING REAL EXPRESS,2.0,0
2292,N61,58,6,AVENIDA,PETIT THOUARS,ET. 25 DE SETIEMBRE,2.9,0
2294,U04,37,4,CALLE,GENERAL RECAVARREN,DISTRIBUCIONES ROBASA,2.6,6
2295,U11,51,8,CALLE,PORTA,DISTRIBUCIONES ROBASA,3.8,8
2296,R15,25,2,AVENIDA,JOSE LARCO,PUMA PEÃ‘A MOISES,1.3,7
2297,R15,53,11,AVENIDA,BENAVIDES,INV. Y NEG. METRO TOURS,3.9,0
2298,N61,38,9,AVENIDA,BENAVIDES,ESPECIAL SOLIDARIDAD,2.6,2
2299,U04,59,8,CALLE,SAN MARTIN,DURAN PALOMINO ELIZABETH,2.3,0
2300,U04,33,7,CALLE,SCHELL,PASCUAL CURI BENIGNO,3.8,1
2301,R05,26,10,AVENIDA,PASEO DE LA REP.,LOZANO SOLIN ANA D.,2.5,9
2303,N34,41,5,AVENIDA,BENAVIDES,ETRANCISA,2.1,4
2305,N61,52,14,AVENIDA,BENAVIDES,HOLREX EXPRESS,1.7,3
2306,N61,48,6,AVENIDA,JOSE LARCO,REAL EXPRESS,2.1,8
2313,N24,51,4,AVENIDA,PETIT THOUARS,CONSORCIO GOMEZ,3.9,8
2315,N61,29,5,AVENIDA,BENAVIDES,HRE EXPRESS,2.3,7
2316,R05,39,10,AVENIDA,AREQUIPA,CASTILLO ZAVALLOS NOEMI,2.0,2
2317,U04,30,7,CALLE,LOS PINOS,TRANSP. DE MERCANCIA CLEAM,3.8,7
2318,U04,25,12,CALLE,PORTA,TRANSP. J & L SERV. NACIONAL,3.2,9
2319,U04,32,2,CALLE,GRIMALDO DEL SOLAR,COMERCIALIZADORA CANAN SAC.,2.8,6
2322,U04,21,3,CALLE,JUAN FANNING,DISTRIBUIDORA PACI SRL.,1.8,5
2323,N34,52,5,AVENIDA,PETIT THOUARS,ET. 25 DE SETIEMBRE,2.0,8
2324,N34,31,3,AVENIDA,O. R. BENAVIDES,ET. UNIDOS CHAMA,1.3,7
2325,N61,34,7,AVENIDA,BENAVIDES,TRANCASTEL,2.5,6
2326,N61,59,11,AVENIDA,BENAVIDES,HOLDING EXPRESS,2.3,0
2327,N61,48,5,AVENIDA,BENAVIDES,ETRASCPSA,3.2,8
2329,U11,57,12,AVENIDA,DIEZ CANSECO,DISTRIBUIDORA PACI,1.5,0
2330,U11,25,9,CALLE,GENERAL SUAREZ,TRANSP. J & L SERV.,2.6,9
2331,U04,53,7,CALLE,GENERAL SUAREZ,DISTRIBUIDORA PACI,2.9,8
2333,N61,41,9,AVENIDA,PETIT THOUARS,ET. GALILEA EXPRESS,3.7,2
2334,R15,21,1,AVENIDA,PETIT THOUARS,MENDOZA VILLANUEVA MARIO,2.0,5
2339,U07,57,8,AVENIDA,RICARDO PALMA,AREQUIPA EXPRESO,2.8,0
2342,U07,26,9,CALLE,GRIMALDO DEL SOLAR,SALVATIERRA ZARATE ALDO,4.0,9
2344,R05,30,8,AVENIDA,PASEO DE LA REP.,GIRACORP.  MULTIPLES EIRL.,1.5,1
2345,U11,60,5,AVENIDA,PASEO DE LA REP.,MATEO CRUCES GARRIAZO,3.7,0
2346,U04,28,9,AVENIDA,PASEO DE LA REP.,MARIA SOLEDAD  ROSARIO,2.3,7
2347,U04,45,10,CALLE,BERLIN,DISTRIBUCIONES ROBASA SAC.,2.5,3
2350,R15,34,4,AVENIDA,PASEO DE LA REP.,LARA CARDENAS ADRIAN,1.2,6
2351,N61,31,5,AVENIDA,PETIT THOUARS,ESPECIAL SOLIDARIDAD,1.5,1
2356,U11,35,3,CALLE,CONTRALMIRANTE MONTERO,LA CALERA SAC,1.4,6
2358,U07,21,9,AVENIDA,LA PAZ,MARVIMA SA.,3.3,9
2360,U04,44,11,CALLE,GONZALES PRADA,TRANSPORTES 77 SA.,2.5,3
2363,R15,35,5,AVENIDA,PASEO DE LA REP.,LUCKY TAXI EIRL.,1.3,6
2370,U11,45,6,CALLE,DIEZ CANSECO,DISTRIBUIDORA PACI SRL.,2.8,4
2371,R12,45,9,AVENIDA,RICARDO PALMA,ET. MOLY TOURS,1.9,3
2372,U04,29,6,AVENIDA,PASEO DE LA REP.,TRANSPORTES 77 SA.,2.5,7
2373,N61,49,6,AVENIDA,PETIT THOUARS,RAMIRO PRIALE,1.6,8
2376,R15,47,9,AVENIDA,PETIT THOAURS,J & J TOURS,3.6,3
2380,U07,37,9,CALLE,CORONEL INCLAN,ALE RAMIREZ WILMER,3.1,2
2381,N44,47,5,AVENIDA,BENAVIDES,HOLDING REAL EXPRESS,3.3,4
2383,U11,45,6,CALLE,CONTRALMIRANTE MONTERO,GARCIA BASILIO OLGA,3.0,4
2384,U04,22,9,AVENIDA,MARISCAL LA MAR,DISTRIBUIDORA ROBASA SAC.,1.5,9
2388,U11,48,7,AVENIDA,PETIT THOUARS,DISTRIBUCIONES HUARANCCA,3.0,3
2390,U04,39,11,AVENIDA,PETIT THOUARS,TRANSPORTES 77 SA.,1.9,2
2392,N61,25,8,AVENIDA,BENAVIDES,VIRGEN DE COPACABANA,1.5,7
2394,R18,19,5,AVENIDA,OVALO GUTIERREZ,E.T. J&H EIRL.,3.7,5
2395,N61,18,8,AVENIDA,PASEO DE LA REP.,NUEVA AMERICA,1.5,5
2396,N61,32,3,AVENIDA,BENAVIDES,HOLDING EXPRESS,3.0,6
2397,N61,36,11,AVENIDA,BENAVIDES,HOLDIN REAL EXPRESS,1.8,1
2399,N71,51,10,CALLE,GENERAL VARELA,ETMIMSA,2.0,3
2400,U11,30,7,AVENIDA,MALECON BALTA,PANIFICADORA BIMBO DEL PERU,3.5,7
2401,U11,52,7,AVENIDA,PETIT THOUARS,ESTRELLA ACOSTA ERIKA,1.6,8
2402,N61,32,1,AVENIDA,BENAVIDES,URANO TOURS SA.,1.8,6
2403,N61,28,4,AVENIDA,BENAVIDES,HOLDING EXPRESS,3.5,7
2404,N61,52,10,AVENIDA,BENAVIDES,HOLREX EXPRESS,2.5,8
2405,U07,50,3,AVENIDA,PASEO DE LA REP.,JK. LIMAYA CONT. GENERAL,3.7,8
2406,U07,42,7,AVENIDA,PASEO DE LA REP.,JK. LIMAYA CONT. GENERAL,3.6,4
2407,U07,52,7,AVENIDA,PASEO DE LA REP.,KIMK EIRL,1.5,8
2408,R05,51,6,AVENIDA,PASEO DE LA REP.,LAMBRUCHINI TARAZONA MARIA,2.2,8
2409,U04,18,6,CALLE,DOS DE MAYO,SERV. LOGISTICOS PANIAGUA,2.5,5
2410,U07,31,7,CALLE,LIBERTAD,DISTRIBUIDORA PACI SRL.,2.6,1
2411,U04,31,3,CALLE,BERLIN,DISTRIBUCIONES ROBASA,1.7,7
2412,U11,45,6,CALLE,JOSE GALVEZ,DISTRIBUIDORA PACI SRL.,3.4,4
2413,U11,24,9,CALLE,GONZALES PRADA,DISTRIBUIDORA PACI,2.7,9
2414,N34,26,4,AVENIDA,GENERAL CORDOVA,ET. TABLADA 2000 SA.,3.6,7
2415,N61,22,3,AVENIDA,BENAVIDES,HRE EXPRESS,2.2,5
2419,N71,22,3,CALLE,GENERAL VARELA,ATCR,1.6,5
2420,U11,33,8,CALLE,BELLAVISTA,DISTRIBUCIONES ROBASA,3.6,1
2421,U11,40,8,CALLE,CONTRALMIRANTE MONTERO,TRANSPORTES 4 & ASOCIADOS,3.5,2
2423,N61,31,9,AVENIDA,BENAVIDES,HOLREX EXPRESS,2.0,1
2424,U04,42,5,CALLE,SCHELL,DURAN PALOMINO ELIZABETH,2.9,4
2427,U11,45,8,CALLE,DOS DE MAYO,DEMO . ESCABACIONES GOMEZ,3.6,3
2429,N61,56,11,AVENIDA,PETIT THOUARS,BANCHERO ROSI,3.8,0
2431,N34,22,4,AVENIDA,BENAVIDES,REAL EXPRESS,1.3,5
2432,N44,48,5,AVENIDA,ANGAMOS OESTE,ET. GRUPLAN SA.,3.9,8
2433,N61,48,7,CALLE,DOMINGO ELIAS,CILAP,2.6,3
2434,N61,49,9,AVENIDA,BENAVIDES,HRE EXPRESS,2.0,3
2437,N61,48,7,AVENIDA,PASEO DE LA REP.,AQUARIUS EXPRES,1.7,3
2439,N61,22,7,AVENIDA,BENAVIDES,VIRGEN DE COPACABANA,3.8,5
2440,R15,60,8,AVENIDA,BENAVIDES,TAXI SEGURO SA.,3.6,0
2441,U04,27,12,AVENIDA,BENAVIDES,DISTRIBUIDORA ROBASA SAC.,2.8,9
2442,U04,27,9,AVENIDA,BENAVIDES,DISTRIBUIDORA ROBASA SAC.,2.5,7
2443,U04,50,12,CALLE,TACNA,TRANSP. CARGO LOGISTICA,2.2,3
2444,U11,25,4,AVENIDA,PASEO DE LA REP.,MORALES CACHO MIGUEL E.,2.9,7
2446,U11,23,6,CALLE,PIURA,DISTRIBUIDORA PACI SRL.,1.4,5
2449,U04,25,9,AVENIDA,DIEZ CANSECO,DISTRIBUIDORA PACI,3.5,9
2450,N61,29,5,AVENIDA,RICARDO PALMA,SALAMANCA EXPRESS,2.5,7
2453,U11,34,6,CALLE,JUAN DE LA FUENTE,ET. RB.CAR SRL.,1.7,6
2458,U11,45,6,AVENIDA,PASEO DE LA REP.,FOOD PACK SAC.,3.6,4
2460,N61,41,7,AVENIDA,BENAVIDES,VIRGEN DE COPACABANA,2.8,2
2461,N67,58,5,AVENIDA,PASEO DE LA REP.,UNIDOS CHAMA,2.5,0
2462,U04,56,3,CALLE,LIBERTAD,DISTRIBUCIONES ROBASA,3.2,0
2463,N24,18,6,AVENIDA,PETIT THOUARS,ESPECIAL SOLIDARIDAD,1.6,5
2466,N61,42,3,AVENIDA,BENAVIDES,VIRGEN DE COPA CABANA,2.9,4
2467,U11,29,10,CALLE,BELLAVISTA,DISTRIBUCIONES SEBARO SAC.,2.7,1
2468,R12,20,5,AVENIDA,JOSE PARDO,ET. CALLAO TAXI TOURS,3.4,5
2469,U04,54,4,AVENIDA,PASEO DE LA REP.,DISTRIBUIDORA ROBASA SAC.,3.2,8
2471,N61,23,8,AVENIDA,BENAVIDES,URANO TOURS,1.9,9
2472,U07,25,9,CALLE,CONTRALMIRANTE MONTERO,TRANSPORTES ECARO,3.9,9
2473,U11,32,5,AVENIDA,COMANDANTE ESPINAR,DISTRIBUIDORA PACI,3.5,6
2474,R05,29,13,AVENIDA,AREQUIPA,ET. I. PARA TURISMO,2.1,1
2482,U11,39,6,CALLE,ELIAS AGUIRRE,DISTRIBUIDORA PACI,3.0,2
2483,U04,19,3,AVENIDA,PETIT THOUARS,RANSA COMERCIAL SA.,3.7,5
2484,R15,22,7,AVENIDA,RICARDO PALMA,ET. J&J TOURS SAC,3.2,5
2486,N61,50,7,AVENIDA,BENAVIDES,VIRGEN DE COPACABANA,2.7,8
2487,N61,47,5,AVENIDA,BENAVIDES,HOLDING EXPRESS,3.5,8
2490,N61,49,12,AVENIDA,BENAVIDES,ESPECIAL SOLIDARIDAD,3.9,3
2493,R05,38,12,AVENIDA,AREQUIPA,ET. ROJO Y BLANCO SA.,3.5,2
2494,U07,39,5,CALLE,GENERAL  MENDIBURU,RANSA COMERCIAL,2.0,2
2499,N71,38,5,CALLE,SCHELL,HOLREX EXPRES,2.7,6
2500,N61,57,5,AVENIDA,BENAVIDES,HRE EXPRESS,3.8,0
2501,N61,50,5,AVENIDA,BENAVIDES,VIRGEN DE COPACABANA,3.3,8
2502,N61,55,10,AVENIDA,BENAVIDES,HOLDING EXPRESS,3.3,0
2503,R05,50,13,AVENIDA,AREQUIPA,INVER. Y NEG. GOL TOURS,3.5,3
2505,U11,44,2,CALLE,JOSE TORIBIO POLO,DISTRIBUIDORA PACI SRL.,1.4,4
2507,N67,26,4,AVENIDA,O.R. BENAVIDES,UNIDOS CHAMA,2.4,7
2508,R05,47,4,AVENIDA,AREQUIPA,SALAZAR CHICLLA PIO,2.5,4
2509,N61,51,5,AVENIDA,BENAVIDES,HOLDING EXPRESS,3.4,8
2520,N34,29,6,AV.,BENAVIDES,ETRANCISA,2.7,7
2521,U07,55,9,AV.,PASEO DE LA REPUBLICA,GUTIERREZ CENTENO W.,3.1,0
2524,U07,19,5,CA.,BOLIVAR,DISTRIBUCIONES ROBASA,3.8,5
2525,N61,59,8,AV.,BENAVIDES,ESPECIAL SOLIDARIDAD,3.2,0
2526,R05,34,10,AV.,PASEO DE LA REPUBLICA,HUILLCA GUEVARA M.,2.8,1
2527,U04,53,5,AV.,DIEZ CANSECO,DISTRIBUCIONES ROBASA,2.3,8
2530,N67,31,6,AV.,BENAVIDES,HOLDING REAL EXPRESS,3.4,7
2531,R15,58,7,AV.,PETIT THOUARS,ROMERO DIAZ SANTIAGO,1.6,0
2537,R05,19,4,AV.,AREQUIPA,CASTILLA AYRA LUIS,3.2,5
2540,N61,45,8,AV.,BENAVIDES,HOLREX,4.0,3
2541,N61,35,8,AV.,BENAVIDES,ESPECIAL SOLIDARIDAD,3.4,1
2542,N61,55,1,AV.,BENAVIDES,SALAMANCA EXPRESS,2.2,8
2543,U11,34,7,AV.,PASEO DE LA REP.,GRUPO GONYL,2.0,6
2548,U04,43,5,CA.,PORTA,DISTRIBUCIONES ROBASA,3.1,4
2549,U04,25,7,CA.,BERLIN,DISTRIBUCIONES ROBASA,3.6,7
2550,U07,37,2,AV.,COMANDANTE ESPINAR,CHAVEZ DE ALANIA M.,2.0,6
2553,U11,32,6,CA.,GRIMALDO DEL SOLAR,MARTINEZ CCANTO WILIAM,1.9,1
2554,R05,26,4,AV.,AREQUIPA,SIMARRA PEÃ‘A LUIS,2.4,7
2555,N61,32,9,AV.,BENAVIDES,REAL EXPRESS,2.0,1
2557,N61,50,6,AV.,JOSE LARCO,RAMIRO PRIALE PRIALE,3.3,8
2559,U17,30,6,CA.,CONTRALMIRANTE MONTERO,VICELY SAC.,3.0,7
2561,N67,19,10,AV.,BENAVIDES,HOLDING REAL EXPRESS,1.9,9
2563,N34,32,2,AV.,BENAVIDES,URANO TOURS,2.4,6
2564,U11,18,9,CA.,GRIMALDO DEL SOLAR,MARTINEZ CCANTO WILIAM,3.6,5
2566,U07,39,7,AV.,PETIT THOUARS,REPRESENTACIONES FBA,3.0,2
2569,U11,22,11,CA.,GRIMALDO DEL SOLAR,MARTINEZ CCANTO WILIAM,2.4,9
2590,R12,19,6,AV.,JOSE LARCO,ET. TAXI TOURS JUNIOR,1.6,5
2591,R15,53,8,AV.,BENAVIDES,PUMA PEÃ‘A MOISES,2.7,8
2595,R12,45,7,AV.,JOSE PARDO,GLOBAL FAST,1.3,4
2599,N61,49,9,AV.,JOSE LARCO,CONSORCIO ROMA,3.1,3
2612,R15,55,11,AV.,JOSE LARCO,ET. Y SERV. MULT. JIRHE,3.6,0
2616,R12,40,9,AV.,JOSE LARCO,SANTISIMA VIRGEN,2.7,2
2617,R12,34,9,AV.,JOSE PARDO,CORP. TRANSP. PERUANO REYES,2.4,1
2619,R15,55,10,CA.,SCHELL,YAULLI GUZMAN JORGE G.,2.4,0
2620,N61,56,12,AV.,JOSE LARCO,ET. BANCHERO ROSSI,3.5,0
2621,N61,44,6,AV.,JOSE LARCO,CALIFORNIA SIGLO XXI,3.8,4
2622,R15,53,3,CA.,SCHELL,ET. TAXI SPEED,3.4,8
2624,R12,56,11,CA.,SCHELL,ET. MOLITOURS,1.3,0
2627,R13,42,7,CA.,SCHELL,PALOMINO URIASQUEZ NORA,4.0,4
2637,R15,48,8,CA.,SCHELL,MEGO SAAVEDRA V.,2.8,3
2639,R15,29,12,AV.,JOSE LARCO,ESTRADA RETEZ S.,3.1,1
2647,N61,57,9,AV.,ANGAMOS ESTE,ET. ANGAMOS,3.6,0
2652,R13,29,9,CA.,GENERAL SUAREZ,PANDAL MENDOZA J.,1.9,1
2653,R15,39,8,AV.,JOSE LARCO,ET. CALLAO TAXI T. SAC.,2.1,2
2659,R05,24,3,AV.,PASEO DE LA REPUBLICA,MALDONADO BUSTAMANTE,2.7,5
2667,R05,46,6,AV.,AREQUIPA,ET. TAXI TOURS,1.4,4
2669,U07,43,2,CA.,LAS DALIAS,VILLA 81 SAC.,3.2,4
2670,U11,39,2,CA.,GENERAL BORGOÃ‘O,DMV SERV. Y TRANSPORTES,1.9,6
2671,R05,27,12,AV.,AREQUIPA,ESPINOZA CAMPOMANES B.,3.9,9
2673,U07,58,8,AV.,PETIT THOUARS,RANSA COMERCIAL SA.,3.1,0
2675,U04,57,8,CA.,BERLIN,DURAND PALOMINO ELIZABETH,3.7,0
2677,R05,37,2,AV.,ANAGAMOS OESTE,LOS LIDERES DEL TRANSPORTE,3.8,6
2679,N61,49,2,AV.,JOSE LARCO,ESPECIAL SOLIDARIDAD,3.0,8
2680,R05,28,6,AV.,AREQUIPA,C.J.M. GLOBAL SA.,4.0,7
2681,R05,45,9,AV.,AREQUIPA,ADELMITA DEL AGUILA,3.8,3
2682,R05,56,7,AV.,AREQUIPA,ADELMITA DEL AGUILA,1.4,0
2686,N61,49,6,AV.,BENAVIDES,REAL EXPRESS,3.6,8
2687,N61,31,4,AV.,BENAVIDES,REAL EXPRESS,2.9,6
2691,U04,45,5,CA.,BELLAVISTA,TRANSPORTES 77,1.5,4
2692,N61,25,5,AV.,COMANDANTE ESPINAR,EST. SANTA CATALINA SA.,2.4,7
2694,R12,54,2,CA.,DOS DE MAYO,ET. TAXIS T Y M JUNIORS,1.8,8
2699,N61,42,3,AV.,BENAVIDES,HOLDING EXPRES,2.6,4
2700,U11,47,10,AV.,DIEZ CANSECO,DISTRIBUIDORA PACI SRL.,3.2,3
2701,N61,46,10,AV.,BENAVIDES,HOLDING EXPRESS,1.9,3
2702,N61,33,8,AV.,BENAVIDES,HOLREX EXPRESS,1.8,1
2703,R05,53,6,AV.,AREQUIPA,DEGGOLA GUTIERREZ L.,1.6,8
2705,U11,35,6,CA.,CONTRALMIRANTE MONTERO,DISTRIBUCIONES JIMENEZ I.,1.3,6
2706,R05,45,7,AV.,AREQUIPA,TAXI PACIFICO SRL.,1.9,4
2707,N61,29,8,AV.,PETIT THOUARS,ESPECIAL SOLIDARIDAD,4.0,1
2708,N34,43,10,AV.,BENAVIDES,HRE EXPRESS,2.4,2
2709,U07,25,6,CA.,BOLOGNESI,LA CALERA,2.9,7
2710,N34,32,11,AV.,O.R. BENAVIDES,ET. TRANSLIMA SA.,1.7,1
2711,R05,47,4,AV.,AREQUIPA,ET. J&J TOURS,2.9,4
2713,N61,57,2,AV.,GENERAL CORDOVA,ETEPSA,2.2,8
2715,U11,40,11,CA.,LOS PINOS,SANCHEZ AVALOS Z. M.,1.6,2
2716,N61,44,7,AV.,BENAVIDES,HOLDING EXPRESS,1.4,4
2717,U04,37,9,CA.,LOS PINOS,DISTRIBUCIONES ROBASA,2.3,2
2720,R15,47,1,AV.,O.R. BENAVIDES,LAURENTE PILLACA JULIA,3.1,4
2721,U04,38,2,CA.,BERLIN,DISTRIBUCIONES ROBASA,2.3,6
2724,R05,54,7,AV.,AREQUIPA,ASOCIOACION T. LA MANO D.,1.6,0
2725,U11,24,8,AV.,PASEO DE LA REP.,SAGA DIS SAC.,2.8,9
2727,R05,59,6,AV.,AREQUIPA,E.T. GOL TOURS SRL.,2.7,0
2728,R12,31,2,CA.,DOS DE MAYO,ET. MOLI TOURS EIRL.,3.4,6
2731,R15,36,9,CA.,SCHELL,ET. SEBASLER SA.,3.1,2
2732,R12,40,7,CA.,SCHELL,CONSORCIO TRANSURBANO SAC.,3.2,2
2733,U11,23,9,AV.,DE LA AVIACION,DISTRIBUCIONES PACI SRL.,1.7,9
2736,R15,36,6,AV.,AREQUIPA,TAXI PACIFICO SRL.,2.3,6
2742,R05,28,5,AV.,AREQUIPA,ET. GIRACORP EIRL.,2.5,7
2743,N61,26,9,AV.,BENAVIDES,TRANSCASTEL,2.5,9
2744,N34,24,6,AV.,PASEO DE LA REP.,HOLDING REAL EXPRESS,2.9,5
2747,N40,37,6,AV.,BENAVIDES,ESPECIAL SOLIDARIDAD,2.2,6
2748,N24,25,6,AV.,PASEO DE LA REP.,HOLDING REAL EXPRESS,3.4,7
2752,U11,33,4,CA.,DOS DE MAYO,DISTRIBUCIONES ROBASA,1.5,6
2753,U04,18,5,CA.,LOS PINOS,DISTRIBUCIONES ROBASA SAC,3.1,5
2754,U11,20,12,CA.,HENRY REVETT,GARCIA BASILIO OLGA,2.1,9
2755,U07,32,6,AV.,PETIT THOUARS,FRIO EXPRESS SAC.,2.8,1
2756,R05,49,5,AV.,PETIT THOUARS,NAVARRO MILLA RULIS,2.7,8
2757,N61,20,10,AV.,BENAVIDES,HOLDING EXPRESS,2.0,9
2758,N61,53,5,AV.,BENAVIDES,HOLDING EXPRESS,2.6,8
2760,U11,42,6,AV.,COMANDANTE ESPINAR,MINAYA MUÃ‘OZ CARLOS E.,1.4,4
2767,U04,57,4,CA.,LOS PINOS,DISTRIBUCIONES PACI SRL.,3.3,0
2768,N61,57,6,AV.,BENAVIDES,URANO TOURS,3.4,0
2769,U07,55,3,CA.,IGNACIO LA PUENTE,ARZAPALO PAREDES N.,1.3,8
2770,U11,53,4,CA.,SAN MARTIN,COMERCIALIZADORA CANAN SAC.,3.4,8
2771,U11,29,5,CA.,PIURA,PALAMANOVA,3.5,7
2772,N61,52,12,AV.,PETIT THOUARS,ET. BANCHERO ROSSI SA.,2.3,3
2773,N61,50,8,AV.,BENAVIDES,EMTESSA,3.1,8
2774,N61,44,8,AV.,BENAVIDES,HOLREX EXPRESS,2.9,4
2775,R15,25,9,AV.,BENAVIDES,CORPORAC. HAPPY TOURS,2.6,9
2776,U07,52,13,CA.,IGNACIO DE LA PUENTE,TOMAS PEREZ DE VALENCIA ELBA,1.8,3
2779,N61,30,7,AV.,GENERAL CORDOVA,ET. ANGAMOS,3.8,1
2780,U11,25,8,CA.,PIURA,PALAMANOVA,2.3,9
2784,N34,49,5,AV.,GENERAL CORDOVA,ETMIMSA,2.4,8
2786,N61,33,11,AV.,O.R. BENAVIDES,UNIDOS CHAMA,2.5,1
2789,N34,21,2,AV.,GENERAL CORDOVA,ETMIMSA,3.7,5
2790,U17,55,7,CA.,HIPOLITO UNANUE,RIVCAL SAC.,2.1,0
2791,N61,35,7,AV.,BENAVIDES,ESPECIAL SOLIDARIDAD,3.2,1
2792,N34,27,6,AV.,O.R. BENAVIDES,ET. UNIDOS CHAMA,1.6,7
2794,U17,20,9,CA.,08 DE OCTUBRE,J Y V TRANSPORTISTAS GENERALES,1.5,9
2796,R05,47,6,AV.,AREQUIPA,TAXI TOURS SAC.,2.9,3
2800,N61,28,8,AV.,O.R. BENAVIDES,UNIDOS CHAMA,2.1,7
2801,R15,39,7,CA.,SCHELL,ET. JUNIORS SAC,1.2,2
2802,N61,58,9,CA.,SCHELL,HOLREX EXPRESS,2.5,0
2805,N61,52,9,AV.,BENAVIDES,URANO TOURS,2.7,8
2807,N61,21,4,AV.,BENAVIDES,REAL EXPRESS,2.6,5
2811,U04,39,11,CA.,LIBERTAD,MACTY SAC,3.0,2
2812,R05,21,2,AV.,PASEO DE LA REP.,HUSTAJA CORDOVA HUGO,2.9,5
2813,R05,23,5,AV.,PASEO DE LA REP.,ET. INVERS. TURISMO,2.3,5
2814,U04,36,8,CA.,MANCO CAPAC,DISTRIBUCIONES ROBASA,3.5,2
2815,U07,35,6,CA.,BERLIN,TRANSPORTE RKM SAC.,3.1,6
2816,U07,20,3,AV.,JOSE PARDO,FELIX GUERRERO VICTOR,2.8,5
2817,U11,34,9,CA.,ELIAS AGUIRRE,DISTRIBUCIONES PACI SRL.,3.8,1
2818,U04,37,7,AV.,RICARDO PALMA,SURCO PAUCAR DANIEL M.,1.3,2
2821,R05,43,2,AV.,PASEO DE LA REP.,TAXI PREMIER EIRL.,1.7,4
2823,U04,22,6,AV.,PASEO DE LA REP.,DISTRIBUIDORA ROBASA,1.8,5
2824,R05,42,13,AV.,PASEO DE LA REP.,VILLA DEL MAR,2.8,2
2826,U07,41,4,CA.,BERLIN,DISTRIBUCIONES ROBASA,2.3,4
2827,N34,48,3,AV.,GENERAL CORDOVA,ET. TABLADA 2000,1.4,8
2830,N50,42,7,AV.,BENAVIDES,HOLREX EXPRESS,2.1,4
2832,U07,49,3,CA.,TARATA,FIMECO LOGISTIC EIRL.,3.0,8
2833,R15,22,10,AV.,BENAVIDES,ET. TAXI SEBASLER SAC.,2.6,9
2835,R12,38,8,AV.,BENAVIDES,HCG INVERSIONES SAC.,1.8,2
2837,R05,48,11,AV.,AREQUIPA,E.T. ESCUELA CHOFERES,2.3,3
2838,U07,44,10,AV.,PETIT THOUARS,MARTINEZ HEREDIA ROGELIO,3.6,3
2840,R17,22,7,AV.,PETIT THOUARS,ALVAREZ VILLA HERMELINDA,1.5,9
2853,U17,22,8,AV.,ELIAS AGUIRRE,SERV. ABAST. Y TRANSP. SRL.,3.3,9
2854,R05,21,5,AV.,PETIT THOUARS,ET. MULT. JUNIORS SAC,3.9,5
2855,R15,56,3,AV.,AREQUIPA,INVER. TOURS LINEAS,3.5,0
2856,U04,26,7,CA.,DOS DE MAYO,DISTRIBUCIONES PACI SRL.,3.2,7
2857,R15,30,7,AV.,RICARDO PALMA,VIRGEN DE COPACABANA,4.0,7
2858,U07,56,7,CA.,AYACUCHO,TRANSP. RKM SAC.,3.8,0
2859,U07,27,10,CA.,ELIAS AGUIRRE,LA CALERA SAC.,1.3,9
2863,R12,33,9,AV.,BENAVIDES,ET. SVICO LATINO,3.7,1
2865,U17,39,7,AV.,AREQUIPA,SERV. ABASTECIMIENTO Y TRANSP.,2.3,2
2870,U11,48,1,CA.,INDEPENDENCIA,JESUS MUÃ‘OZ CONTRERAS,1.7,8
2871,R12,47,9,AV.,BENAVIDES,ET. MOLY TOURS,1.2,3
2873,N34,37,9,AV.,BENAVIDES,ETRANCISA,2.1,2
2874,N61,45,10,AV.,BENAVIDES,URANO TOURS,3.2,3
2875,U07,44,6,CA.,BELLAVISTA,CHAVEZ DE ALANIA MAGDALENA,2.2,4
2878,U07,53,8,CA.,ALCANFORES,RANSA COMERCIAL SA.,3.3,8
2879,U11,31,6,CA.,LOS PINOS,DISTRIBUIDORA PACI,3.9,7
2880,U11,25,1,CA.,ATAHUALPA,PALAMANOVA SAC.,2.1,7
2881,U11,54,4,CA.,PIURA,PALAMANOVA SAC.,3.8,8
2882,N61,30,5,AV.,BENAVIDES,HOLREX EXPRESS,2.0,7
2884,N61,55,9,AV.,BENAVIDES,HOLDING EXPRESS,3.6,0
2885,N61,19,6,AV.,BENAVIDES,HOLDING EXPRESS,3.5,5
2888,U11,34,8,CA.,CONTRALMIRANTE MONTERO,TRANASP. H&C ASOCIADOS,2.4,1
2891,N61,50,10,AV.,BENAVIDES,ETRANCISA,2.7,3
2892,N61,31,1,AV.,BENAVIDES,VIRGEN DE COPACABANA SA.,3.3,6
2894,U04,23,4,CA.,JOSE TORIBIO POLO,DISTRIBUIDORA PACI SRL.,2.3,5
2895,N24,19,4,CA.,GENERAL VARELA,ETFOCAM SA.,2.6,5
2896,R12,42,7,CA.,CORONEL INCLAN,ET. MULT. INVER. Y NEG. SVICO L.,1.7,4
2897,N61,55,10,AV.,PASEO DE LA REP.,STAR TOURS,1.4,0
2899,R05,48,6,AV.,AREQUIPA,ET. TAXI TOURS SAC,2.4,3
2901,R15,26,5,AV.,AREQUIPA,ET. J Y J TOURS SAC,1.7,7
2903,R05,25,12,AV.,AREQUIPA,ET. TURIST. Y MULT.,3.4,9
2904,R05,32,7,AV.,AREQUIPA,MAMANI MAMANI VICTOR,3.7,1
2906,U11,26,1,CA.,PIURA,TRANSERMIR SAC.,3.2,7
2907,R05,23,8,AV.,AREQUIPA,ET. ALBERTO PAEZ SA.,1.9,9
2908,R12,35,7,AV.,BENAVIDES,ET. MOLY TOURS,3.5,6
2909,U11,59,11,CA.,DOS DE MAYO,QUISPE MELGAREJO P.,2.8,0
2917,R02,18,8,AV.,AREQUIPA,TAXI PAEZ,2.4,5
2918,U11,56,5,CA.,TARATA,DISTRIBUCIONES ROBASA,2.2,0
2919,U04,56,6,AV.,RICARDO PALMA,BALVIN P 10 VICTORIA P.,3.3,0
2921,U04,22,8,AV.,JOSE PARDO,RAMIREZ VELEZ GLADYS,2.3,9
2922,N61,20,13,AV.,OVALO MIRAFLORES,GALILEA EXPRESS,1.9,9
2923,R05,55,10,AV.,PETIT THOUARS,TAXY BLACK DEL NVO. SAN JUAN,2.4,0
2925,R05,44,10,AV.,PASEO DE LA REP.,ROJAS FLORES EDILBERTO,2.7,3
2926,R05,42,8,AV.,PASEO DE LA REP.,VILLANUEVA BELLO MIRIAM,2.7,2
2927,N61,23,6,AV.,BENAVIDES,HOLDING EXPRESS,3.1,5
2928,N61,38,5,AV.,BENAVIDES,REAL EXPRESS,3.5,6
2930,R05,40,6,AV.,PASEO DE LA REP.,E.T. JUNIORS SAC.,2.3,2
2931,N61,19,7,AV.,BENAVIDES,HRE EXPRESS,2.0,5
2934,U11,32,10,AV.,PETIT THOUARS,INDUSTRIAS NETTACCO,3.4,1
2935,U04,41,4,CA.,BELLAVISTA,TRANSPORTES HECARO SAC.,2.8,4
2936,U07,22,3,CA.,BOLOGNESI,PRAYSDI FOOD SAC,1.6,5
2937,U11,32,4,AV.,O.R. BENAVIDES,TRANSPORTES  H Y RS SAC.,2.4,6
2939,U04,41,7,CA.,F. DE PAULA CAMINO,DISTRIBUCIONES ROBASA SAC.,1.2,2
2940,U04,26,2,CA.,JUAN FANNING,DISTRIBUIDORA PACI SRL.,3.4,7
2942,N61,21,10,AV.,GENERAL CORDOVA,ETMIMSA,2.9,9
2944,U04,43,9,AV.,RICARDO PALMA,JEDA SOLUCIONS,2.0,2
2945,N61,51,1,AV.,BENAVIDES,ETRANCISA,1.5,8
2946,N61,23,11,AV.,BENAVIDES,HOLDING EXPRESS,4.0,9
2947,U07,44,7,AV.,COMANDANTE ESPINAR,TRANSPORTES Y SERV. INT. QUISPE,2.0,4
2949,U17,50,9,CA.,BELLAVISTA,TRANSP. J Y L SERV. DE CARGA,2.2,3
2952,N61,57,12,AV.,BENAVIDES,HOLREX EXPRES,2.0,0
2953,N61,20,5,AV.,BENAVIDES,REAL EXPRESS,1.9,5
2954,N61,25,9,AV.,PETIT THOUARS,HOLREX EXPRES,1.7,9
2956,N34,21,3,AV.,PASEO DE LA REP.,ET. PAMELA SA.,1.7,5
2958,R15,21,8,AV.,JOSE PARDO,CRIS MOTORS SAC,3.7,9
2960,R15,21,11,AV.,JOSE PARDO,ET. AUTOMOVILES EXCLUSIVO,3.3,9
2962,U04,59,13,AV.,O.R. BENAVIDES,TRANSPORTES 77 SA.,3.3,0
2963,U11,50,11,CA.,DOS DE MAYO,DISTRIBUIDORA PACI,3.4,3
2965,R05,38,10,AV.,AREQUIPA,MULTISERV. SEBASLERS S.,2.4,2
2967,U07,44,5,AV.,PASEO DE LA REP.,TRANSPORTES INTERVEGA,2.3,4
2968,R05,36,8,CA.,GENERAL VIDAL,E.T. J CH EIRL.,3.7,2
2969,U11,56,4,CA.,CONTRALMIRANTE MONTERO,LELY CORPORATION SAC.,1.9,0
2970,N61,55,5,AV.,BENAVIDES,HOLDING REAL EXPRESS,3.7,8
2973,U11,31,11,CA.,CONTRALMIRANTE MONTERO,S.E. INVERSIONES MALVINA,3.0,1
2976,N61,20,10,AV.,BENAVIDES,URANO TOURS SA.,2.0,9
2977,N61,59,8,AV.,PETIT THOUARS,ET. RAMIRO PRIALE,1.8,0
2978,U11,49,5,AV.,PETIT THOUARS,RANSA COMERCIAL SA.,3.8,8
2979,U11,54,9,CA.,SCHELL,MEJORADA RIVERA REYNALDO,2.2,0
2980,N71,26,8,AV.,PASEO DE LA REP.,HOLREX EXPRESS,3.6,7
2981,N67,39,9,AV.,BENAVIDES,URANO TOURS,3.5,2
2985,N61,25,6,AV.,PASEO DE LA REP.,HOLREX,3.2,7
2988,R15,35,12,AV.,JOSE PARDO,ET. MULT. SVICO,3.1,1
2992,N61,47,5,CA.,DOS DE MAYO,ESPECIAL SOLIDARIDAD,3.8,3
2993,U11,53,9,CA.,PORTA,ZILICON INVEST. MENTS,2.3,0
2999,U04,26,13,CA.,TRIPOLI,SERV. LOGIST. PANIAGUA,2.4,9
3000,U11,32,8,CA.,GENERAL MENDIBURU,DISTRIBUCIONES ROBASA,1.8,1
3001,U04,45,7,CA.,HENRY REVETT,FOOD PACK,3.8,4
3002,U04,18,7,AV.,PASEO DE LA REP.,DISTRIBUCIONES ROBASA SAC,3.4,5
3003,U04,39,9,CA.,LOS PINOS,DISTRIBUCIONES PACI SRL.,3.5,2
3004,R05,18,7,AV.,PASEO DE LA REP.,ET. ALBERTO PAEZ,2.4,5
3007,U11,58,10,CA.,CONTRALMIRANTE MONTERO,CARREQ SAC.,2.9,0
3008,N61,53,6,AV.,PASEO DE LA REP.,ESPECIAL SOLIDARIDAD,3.6,8
3009,U07,20,12,AV.,MALECON 28 DE JULIO,DISTRIBUCIONES ROBASA,2.0,9
3010,R12,36,6,AV.,MALECON BALTA,ET. MOLITOURS EIRL.,3.7,6
3012,N34,47,7,AV.,BENAVIDES,HOLDING EXPRESS,2.7,3
3013,R12,47,5,CA.,SCHELL,E.T. MOLITOURS EIRL,1.3,4
3014,N61,40,9,AV.,BENAVIDES,HOLREX EXPRESS,3.5,2
3017,U04,55,8,CA.,TACNA,LELY ESPECIAL CORPORATIION,3.1,0
3018,U17,37,5,CA.,CONTRALMIRANTE MONTERO,PANIFICADORA BIMBO DEL PERU,2.8,6
3020,U04,37,4,CA.,JUAN FANING,DISTRIBUCIONES PACI SRL,3.2,6
3023,R12,41,4,AV.,PASEO DE LA REP.,E.T. 20 DE SETIEMBRE,4.0,4
3024,N61,20,5,AV.,PASEO DE LA REP.,AQUARIUS,2.5,5
3026,U04,44,7,CA.,LOS PINOS,DISTRIBUCIONES ROBASA SAC.,3.3,4
3029,N61,19,2,AV.,GENRAL CORDOVA,HOLDING EXPRESS,1.7,5
3030,N61,24,7,AV.,GENRAL CORDOVA,ETMIMSA,2.0,9
3032,U04,53,8,AV.,DEL EJERCITO,MEJORADA RIVERA REYNALDO,1.8,8
3034,N61,18,7,AV.,BENAVIDES,REAL EXPRESS,3.0,5
3035,N61,39,6,AV.,BENAVIDES,HOLREX EXPRESS,2.9,2
3036,R05,57,2,AV.,AREQUIPA,E. MULT. SAN FRANCISCO,1.7,0
3037,U07,24,12,AV.,MALECON DE LA RESERVA,TRANSPORTE 77 SA.,3.6,9
3038,N61,57,8,AV.,BENAVIDES,VIRGEN DE COPACABANA,2.1,0
3039,N61,22,5,AV.,GENERAL CORDOVA,ET. GRUPLAN SA.,1.4,5
3043,U17,50,2,CA.,ARICA,RIVAS RODRIGUEZ JUAN,3.7,8
3044,N61,48,11,AV.,BENAVIDES,HOLDING EXPRESS,1.9,3
3045,N34,34,11,AV.,BENAVIDES,ETRANCISA,2.1,1
3046,N61,26,13,AV.,BENAVIDES,HOLREX EXPRESS,1.2,9
3049,U11,27,3,CA.,SCHELL,ORIHUELA LLANOS CARLOS,3.7,7
3050,N71,31,5,CA.,SCHELL,HOLDING REAL EXPRESS,3.6,7
3052,U07,52,10,CA.,SCHELL,ROMA DOY INDUSTRIAL,3.4,3
3053,U11,41,11,CA.,HIPOLITO UNANUE,CAMPOS PASACHE MIRIAM,4.0,2
3057,U07,20,6,CA.,DOS DE MAYO,RIVAS RODRIGUEZ JUAN,1.8,5
3058,U11,21,11,CA.,ARICA,CHIRRE TENAZOA ALBERTO E.,3.7,9
3060,U07,30,6,CA.,CORONEL INCLAN,RIVAS RODRIGUEZ JUAN,3.3,7
3063,N61,31,8,AV.,BENAVIDES,URANO TOURS SA.,3.8,1
3066,U04,38,10,CA.,JUAN FANNING,DISTRIBUIDORA PACI,2.7,2
3067,N34,34,5,AV.,GENERAL CORDOVA,MIRAFLORES MONTERRICO,3.1,6
3068,U04,45,6,AV.,PETIT THOUARS,DISTRIBUCIONES ROBASA,3.1,4
3069,U04,25,7,CA.,BOLIVAR,DISTRIBUCIONES ROBASA,3.0,7
3070,N61,46,9,AV.,BENAVIDES,HOLDING EXPRESS,2.1,3
3071,U04,39,8,CA.,PIURA,DISTRIBUIDORA PACI,2.6,2
3072,U17,28,7,CA.,MANCO CAPAC,JESUS MUÃ‘OZ CONTRERAS,2.3,7
3073,N61,33,9,AV.,BENAVIDES,HOLREX EXPRESS,2.3,1
3078,R05,43,7,AV.,AREQUIPA,ET. CALLAO TAXI TOURS,1.4,4
3083,U11,28,12,CA.,LOS PINOS,TRANSPORTES JOMESA SAC.,3.9,1
3084,U04,30,9,AV.,PASEO DE LA REP.,DISTRIBUCIONES ROBASA,1.3,1
3086,R05,48,2,AV.,AREQUIPA,INV. Y NEG. TAXI TOURS SA.,3.2,8
3087,U04,55,4,CA.,BERLIN,DISTRIBUCIONES ROBASA,3.8,8
3088,U04,45,7,CA.,LOS PINOS,SERV. LOGISTICOS PANIAGUA,2.1,4
3089,N67,24,10,AV.,BENAVIDES,ESPECIAL SOLIDARIDAD,2.5,9
3090,N61,57,11,AV.,BENAVIDES,HOLREX EXPRESS,1.4,0
3092,U11,21,11,AV.,LA PAZ,TRANSPORTES RKM SAC.,1.4,9
3093,U04,27,7,CA.,BELLAVISTA,TRANSAT,1.8,7
3094,N61,33,7,AV.,BENAVIDES,HRE EXPRESS,2.7,1
3095,N61,38,12,AV.,BENAVIDES,HOLREX EXPRESS,1.8,2
3096,U04,50,5,CA.,ATAHUALPA,DISTRIBUIDORA PACI,1.3,8
3097,R12,46,11,CA.,SCHELL,ET. DE TAXIS TURISMO Y M.,2.8,3
3098,R12,39,9,CA.,SCHELL,ET. DE TAXIS TURISMO Y M.,2.7,2
3099,R18,48,12,CA.,SCHELL,ET. MOLITOURS EIRL.,1.8,3
3100,N61,56,6,AV.,BENAVIDES,HOLDING EXPRESS,2.0,0
3102,R15,30,11,CA.,SCHELL,ET. J Y J TOURS SAC,2.0,1
3103,R12,35,11,CA.,SCHELL,ET. JUNIORS SAC,1.2,1
3104,R15,48,12,AV.,RICARDO PALMA,CAYHUALLA PUCAURI ABEL,1.3,3
3105,N61,39,10,AV.,BENAVIDES,HOLDING EXPRESS,2.5,2
3107,N61,35,12,AV.,BENAVIDES,HOLDING EXPRESS,2.3,1
3108,U11,46,2,CA.,BOLOGNESI,BREATD,3.5,4
3109,N61,38,8,AV.,BENAVIDES,HRE EXPRESS,3.9,2
3114,U07,18,3,AV.,COMANDANTE ESPINAR,RANSA COMERCIAL,2.8,5
3116,N61,22,2,AV.,PASEO DE LA REP.,ESPECIAL SOLIDARIDAD,2.0,5
3117,U11,32,0,AV.,PETIT THOUARS,TRANSPORTES TAFUR SAC,2.5,6
3120,N34,38,8,AV.,GENERAL CORDOVA,ETMIMSA,2.7,2
3121,U04,49,8,CA.,PIURA,DISTRIBUCIONES PACI SRL.,3.8,3
3122,U11,45,7,CA.,LOS PINOS,SAN FERNANDO SAC,2.9,4
3123,N40,21,7,AV.,BENAVIDES,HOLDING REAL EXPRESS,2.5,5
3124,R05,37,5,AV.,PASEO DE LA REP.,SAAVEDRA RODRIGUEZ J.,1.9,6
3125,U04,48,5,CA.,MANCO CAPAC,DISTRIBUIDORA PACI,3.7,8
3126,R12,43,7,CA.,SCHELL,R Y R. ENTERPHPISE SAC,2.1,4
3128,R15,31,3,CA.,SCHELL,CHAVEZ CABALLERO FELIX,2.0,7
3129,U11,25,9,CA.,DOS DE MAYO,RIVAS RODRIGUEZ JUAN,1.3,9
3130,U11,46,4,CA.,DOS DE MAYO,RIVAS RODRIGUEZ JUAN,2.9,4
3135,U11,21,8,CA.,JUAN FANNING,DISTRIBUIDORA PACI,2.3,9
3136,U11,57,12,CA.,COLON,MANRIQUE VELASQUE MARIA,3.6,0
3138,U04,40,6,CA.,SAN MARTIN,DISTRIBUCIONES ROBASA SAC,2.1,2
3139,U04,41,9,CA.,ELIAS AGUIRRE,DISTRIBUIDORA PACI,2.0,2
3140,N61,28,1,AV.,ALFREDO BENAVIDES,VIRGEN DE COPACABANA,2.5,7
3141,N67,48,5,CA.,DOS DE MAYO,HOLDING EXPRES,2.2,8
3143,U04,39,4,AV.,PASEO DE LA REP.,DISTRIBUCIONES ROBASA SAC,1.9,6
3147,N67,55,7,AV.,ALFREDO BENAVIDES,ETRANCISA,3.1,0
3148,N50,29,7,AV.,RICARDO PALMA,AQUARIUS SAC.,3.3,7
3149,R22,28,13,AV.,JOSE PARDO,LIMAYLLA CONDORI JOE,2.9,1
3150,N67,49,7,AV.,PETIT THOUARS,ET. 25 DE SETIEMBRE,2.1,3
3155,U11,41,4,MLCON.,DE LA RESERVA,UNION DE CONCRETERAS,2.7,4
3156,R15,42,4,AV.,PETIT THOUARS,ET. ETI TURISMO,1.4,4
3158,U11,35,7,OV.,GUTIERREZ,RANSA COMERCIAL S.A,2.8,6
3159,U07,52,4,AV.,CMDTE. ESPINAR,RANSA COMERCIAL S.A,2.7,8
3160,U11,26,11,CA.,BERLIN,DISTRIBUCIONES ROBASA SAC,2.3,9
3161,U11,36,4,CA.,ENRIQUE PALACIOS,DISTRIBUCIONES ROBASA SAC,1.6,6
3163,U11,34,13,CA.,GNRAL. MENDIBURU,SAN FERNANDO SA.,2.1,1
3166,N61,50,10,AV.,PETIT THOUARS,SAN SEBASTIAN,1.7,3
3167,N61,27,7,AV.,ALFREDO BENAVIDES,HOLREX EXPRESS,1.2,7
3169,U04,35,7,AV.,ALFREDO BENAVIDES,ALMA CABEZAS NELLY DE E.,2.3,6
3170,R12,26,2,AV.,O.R. BENAVIDES,ET. J&J TOURS SAC,2.4,7
3171,U04,30,8,CA.,GRIMALDO DEL SOLAR,TRANSGERSAL,3.5,1
3172,U04,41,3,CA.,GRIMALDO DEL SOLAR,TRANSGERSAL,1.4,4
3176,N67,45,5,AV.,ALFREDO BENAVIDES,HOLDING EXPRES,1.3,4
3178,N61,59,8,AV.,PASEO DE LA REP.,ET. PAMELA SA.,3.7,0
3179,N61,51,8,AV.,ALFREDO BENAVIDES,HOLREX EXPRESS,3.7,8
3180,N61,29,9,AV.,ALFREDO BENAVIDES,40 INTEGRADA,2.5,1
3181,N34,48,5,AV.,REDUCTO,ETRANCISA,3.7,8
3182,U11,40,10,MLCON.,MLCON.  BALTA,LBA CARGO S.R.L.,3.6,2
3183,U04,24,8,AV.,PASEO DE LA REP.,TRANSPORTES 77 S.A,1.6,9
3186,R15,58,2,MLCON.,DE LA RESERVA,AUTOGOL TOURS,2.8,0
3188,U04,19,2,AV.,PASEO DE LA REP.,TRANSPORTES 77 S.A,1.2,5
3190,R15,40,10,AV.,JOSE PARDO,TICSE YANTAS SILVA L.,2.6,2
3192,R15,28,7,AV.,JOSE PARDO,ET. TAXI SEBASLERS,3.8,7
3193,R19,40,8,AV.,JOSE PARDO,ANGULO LUCIO ANIBAL,3.8,2
3194,R19,41,7,AV.,JOSE PARDO,ANGULO LUCIO ANIBAL,2.2,2
3195,N61,60,2,AV.,ANGAMOS ESTE,ATCR,2.6,0
3197,N61,45,5,AV.,ALFREDO BENAVIDES,URANO TOURS,3.0,4
3198,R12,27,7,AV.,ALFREDO BENAVIDES,ET. MOLITOURS,3.0,7
3199,U04,41,9,CA.,BELLAVISTA,DISTRIBUCIONES ROBASA SAC,3.8,2
3200,N61,45,6,AV.,PASEO DE LA REP.,URANO TOURS,3.7,4
3204,U11,52,13,CA.,LOS PINOS,TRANSPORTES 77 S.A,1.9,3
3207,U11,25,7,CA.,CONTRALMIRANTE MONTERO,COMPAÃ‘ÃA ISDUSTRIAL C.,1.7,7
3208,U11,21,8,CA.,CONTRALMIRANTE MONTERO,PANIFICADORA BIMBO,3.1,9
3209,U04,27,6,CA.,GNRAL. VIDAL,DISTRIBUIDORA PACI,3.2,7
3210,U04,35,2,CA.,BERLIN,DISTRIBUCIONES ROBASA SAC,1.8,6
3213,N67,24,6,AV.,ALFREDO BENAVIDES,CRISTO DE PACHACAMILLA,1.6,5
3216,N44,31,2,MLCON.,28 DE JULIO,VIRGEN DE COPACABANA,2.9,7
3217,R12,22,1,AV.,ALFREDO BENAVIDES,ET. MOLITOURS,1.9,5
3218,R12,48,5,AV.,ALFREDO BENAVIDES,ET. MOLITOURS,1.5,8
3220,R12,44,1,AV.,PASEO DE LA REP.,ET. MOLITOURS,3.9,4
3221,R15,47,12,AV.,ALFREDO BENAVIDES,TAXI SPEED CAR,1.4,3
3222,N40,49,9,AV.,ALFREDO BENAVIDES,HOLREX EXPRESS,2.2,3
3224,N71,54,7,CA.,PIURA,HOLREX EXPRESS,3.3,0
3225,U11,26,8,CA.,PIURA,H&S AMERICA EIRL.,3.8,7
3226,U11,21,6,CA.,PIURA,QUISPE MELGAREJO PORFILIO,1.5,5
3227,U11,27,6,CA.,ARICA,QUISPE MELGAREJO PORFILIO,2.4,7
3228,U11,55,11,CA.,PIURA,TRANSEAMIR SAC.,1.7,0
3229,N61,52,5,AV.,O.R. BENAVIDES,TRANSLIMA S.A,1.5,8
3230,U04,29,7,CA.,FCO. DE PAULA CAMINO,TRANSPORTES 77 S.A,2.6,7
3235,U04,47,12,CA.,LOS PINOS,DISTRIBUCIONES ROBASA SAC,3.1,3
3236,N67,40,4,CA.,DOS DE MAYO,AQUARIUS SAC.,2.8,4
3237,R15,22,13,CA.,SCHELL,ET. TOURS DE LOS OLIVOS,3.8,9
3238,U07,22,8,AV.,PETIT THOUARS,DISTRIBUCIONES ROBASA SAC,2.1,9
3240,N63,37,9,AV.,ALFREDO BENAVIDES,URANO TOURS,2.8,2
3241,N61,19,6,AV.,ALFREDO BENAVIDES,REAL EXPRESS,2.3,5
3244,R15,49,13,AV.,ALFREDO BENAVIDES,ET. SVICO,3.7,3
3245,N34,41,9,AV.,PASEO DE LA REP.,INTER. ET. PAMELA SA.,1.6,2
3246,N34,29,9,AV.,PASEO DE LA REP.,INTER. ET. PAMELA SA.,1.8,1
3250,N24,43,11,AV.,PETIT THOUARS,RAMIRO PRIALE,1.7,2
3253,U04,47,8,CA.,BERLIN,TRANSPORTES RKM SAC.,3.3,3
3254,U04,37,4,CA.,ELIAS AGUIRRE,TRANSPERS SAC.,2.2,6
3255,U04,49,2,CA.,ELIAS AGUIRRE,TRANSPERS SAC.,2.3,8
3256,U11,40,4,CA.,JOSE GALVEZ,DISTRIBUCIONES ROBASA SAC,2.7,4
3257,U07,42,6,CA.,BOLOGNESI,SAFETY TRUCK SAC,1.5,4
3258,U11,43,12,AV.,ALFREDO BENAVIDES,ARRIAGA GUARDADO JOSE M.,3.0,2
3259,N67,55,9,AV.,ALFREDO BENAVIDES,HOLREX EXPRESS,1.6,0
3261,R15,60,5,CA.,SCHELL,REYES ACOSTA SIXTO,1.3,0
3262,N61,52,10,AV.,ALFREDO BENAVIDES,HOLDING EXPRES,3.8,8
3263,N61,40,11,AV.,ALFREDO BENAVIDES,URANO TOURS,2.1,2
3264,N61,21,7,AV.,ALFREDO BENAVIDES,HOLDING EXPRES,3.6,5
3265,N34,53,4,AV.,ALFREDO BENAVIDES,REAL EXPRESS,1.6,8
3266,N34,29,9,AV.,ALFREDO BENAVIDES,URANO TOURS,1.8,1
3271,U04,31,6,CA.,JUAN FANNING,CARBAJALES UNIDOS,2.6,7
3272,N34,39,13,AV.,ALFREDO BENAVIDES,URANO TOURS,1.6,2
3273,U11,46,7,AV.,O.R. BENAVIDES,DOOR TO DOOR TRANSP.,1.7,3
3277,N61,42,6,AV.,PETIT THOUARS,BANCHERO ROSSI,3.4,4
3279,N61,57,7,AV.,PETIT THOUARS,URANO TOURS,2.6,0
3280,U11,36,8,AV.,DIEZ CANSECO,DISTRIBUIDORA PACI,3.1,2
3283,N63,41,12,AV.,ALFREDO BENAVIDES,HOLREX EXPRESS,1.9,2
3284,R12,29,13,AV.,ALFREDO BENAVIDES,R&R ENTERHRISE SAC,3.2,1
3285,U07,41,5,CA.,BERLIN,SERVIS KIT NORTE SA.,2.0,4
3286,R05,52,2,AV.,PASEO DE LA REP.,ET. M.I. Y NEGOCIACIONES,3.2,8
3290,N61,54,2,AV.,PASEO DE LA REP.,HOLREX EXPRESS,2.1,8
3291,N44,57,7,AV.,ALFREDO BENAVIDES,VIRGEN DE COPACABANA,1.8,0
3294,R15,41,6,AV.,ALFREDO BENAVIDES,GUERRA MONTERO WILDER,1.5,2
3298,U07,37,10,AV.,PASEO DE LA REP.,TRANSPORTES 77 S.A,2.6,2
3299,U04,22,7,CA.,BELLAVISTA,DISTRIBUCIONES ROBASA SAC,3.6,5
3300,U04,47,3,CA.,BELLAVISTA,TRANSPORTES 77 S.A,1.3,4
3305,N61,32,7,AV.,PETIT THOUARS,ESPECIAL SOLIDARIDAD,3.4,1
3306,N61,22,9,AV.,PETIT THOUARS,VILLA MARINA,3.1,9
3308,N67,28,8,AV.,JOSE PARDO,HOLDING EXPRES,2.5,7
3309,N67,38,12,CA.,DOS DE MAYO,HOGAR TOURS,3.5,2
3311,N61,50,5,AV.,ALFREDO BENAVIDES,HOLREX EXPRESS,1.4,8
3313,R12,41,6,AV.,JOSE PARDO,ET. MULTISERV. INVER.,3.2,4
3318,R15,38,4,AV.,ALFREDO BENAVIDES,RUPAILLA AUQUIRINA C.,3.4,6
3319,U11,19,5,AV.,REDUCTO,SERV. LOGISTICOS PANIAGUA,1.8,5
3321,U11,26,7,CA.,MARTIR OLAYA,LLIANA ZALAYA ISAAC,2.0,7
3324,N64,56,6,AV.,ALFREDO BENAVIDES,ETRANCISA,2.1,0
3325,N61,18,6,AV.,PETIT THOUARS,ESPECIAL SOLIDARIDAD,1.7,5
3326,U04,23,6,CA.,BELLAVISTA,DISTRIBUCIONES ROBASA SAC,2.1,5
3327,R15,59,5,CA.,SCHELL,ET. TAXI Y MULTISERVICIOS,3.9,0
3328,R15,50,9,CA.,SCHELL,ET. TAXI Y MULTISERVICIOS,1.7,3
3329,R15,52,4,CA.,SCHELL,TAXI TOURS SA.,2.2,8
3330,U04,36,3,CA.,DIEZ CANSECO,DISTRIBUCIONES ROBASA SAC,1.8,6
3332,U11,21,8,CA.,PIURA,CORPORACION SERV. BASICOS,3.8,9
3333,U11,51,12,CA.,PIURA,QUISPE MELGAREJO PORFILIO,3.9,3
3335,U04,48,10,CA.,PORTA,DISTRIBUCIONES ROBASA SAC,2.2,3
3336,U11,43,5,CA.,PORTA,INVERSIONES CADENAS,2.5,4
3337,U07,40,6,CA.,SCHELL,GEMAX CORPORATION SAC,1.7,2
3338,U07,23,6,AV.,CMDTE. ESPINAR,PANIFICADORA BIMBO,3.7,5
3339,U04,58,9,AV.,O.R. BENAVIDES,TRANSPORTES QUILLA SAC.,1.3,0
3342,N67,44,7,AV.,JOSE PARDO,HOLDING EXPRES,3.0,4
3343,U07,32,7,AV.,CMDTE. ESPINAR,SERV. LOGISTICOS PANIAGUA,1.6,1
3344,R12,48,2,CA.,LOS PINOS,PELAEZ ROLDAN HELMER,1.7,8
3345,N24,30,10,CA.,SCHELL,HOLREX EXPRESS,2.9,1
3346,R12,38,11,AV.,O.R. BENAVIDES,MOLY TOURS EIRL.,2.4,2
3347,R13,40,5,CA.,SCHELL,VERGARA QUISPE DE P.,3.5,4
3348,R12,57,9,CA.,SCHELL,TAXI SAN BORJA,3.3,0
3352,U11,31,4,CA.,ELIAS AGUIRRE,DRIWALL ESPECIALISTA C.,4.0,7
3354,U11,23,7,CA.,CONTRALMIRANTE MONTERO,GARCIA BASILIO O.,3.8,9
3355,N61,23,6,CA.,MARTIR OLAYA,HRE EXPRESS,3.1,5
3357,R15,42,9,AV.,O.R. BENAVIDES,ET. CHAVEZ SAC.,3.2,2
3359,U11,35,5,CA.,LOS PINOS,SAN FERNANDO SA.,3.1,6
3360,U04,56,11,CA.,LOS PINOS,DISTRIBUIDORA PACI,2.2,0
3362,U04,23,6,CA.,COLON,DISTRIBUCIONES ROBASA SAC,1.9,5
3363,N67,37,9,AV.,ANGAMOS ESTE,ET. ANGAMOS SA.,1.6,2
3365,U07,22,11,CA.,GNRAL. BORGOÃ‘O,MINERIA Y CONSTRUCCION SAC.,2.9,9
3367,U07,42,8,CA.,08 DE OCTUBRE,GONZALES CHANGANAQUE P.,1.6,2
3368,U04,53,2,CA.,CHOQUEHAUNCA,DISTRIBUIDORA PACI,1.7,8
3369,N67,27,3,AV.,PETIT THOUARS,AQUARIUS SAC.,3.2,7
3370,U04,44,9,CA.,BERLIN,DISTRIBUCIONES ROBASA SAC,3.4,3
3371,R15,55,7,AV.,JOSE PARDO,ALVAREZ DEPUETO DANIEL,2.8,0
3374,N61,57,5,AV.,PETIT THOUARS,RAMIRO PRIALE,1.2,0
3378,N61,37,2,CA.,SCHELL,ESPECIAL SOLIDARIDAD,1.6,6
3381,R12,26,4,AV.,ALFREDO BENAVIDES,SERV. MULTIPLES EIRL.,3.5,7
3382,N61,39,12,AV.,ALFREDO BENAVIDES,HOLDING EXPRES,2.1,2
3384,U11,27,8,MLCON.,28 DE JULIO,CUEVA CHAVEZ MIGUEL A.,2.7,7
3385,U04,31,8,AV.,DIEZ CANSECO,DISTRIBUIDORA PACI,1.4,1
3386,U04,20,5,AV.,DIEZ CANSECO,DISTRIBUIDORA PACI,3.1,5
3387,U11,50,5,CA.,BOLOGNESI,TRANSPORTE FEROSU,1.3,8
3388,U11,56,2,AV.,CMDTE. ESPINAR,CLASS INTERNACIONAL SA.,2.4,8
3389,U11,39,7,AV.,PETIT THOUARS,TRANSPORTES 77 S.A,1.4,2
3392,N61,37,7,AV.,JOSE PARDO,ESPECIAL SOLIDARIDAD,3.6,6
3393,N67,30,5,AV.,JOSE PARDO,REAL EXPRESS,2.6,7
3394,U11,21,10,AV.,O.R. BENAVIDES,TRANSPORTES CORPORATIVOS,1.5,9
3395,R15,27,10,AV.,DIEZ CANSECO,ET. 26 DE MARZO,2.6,9
3396,R15,52,6,CA.,SCHELL,ET. J&J TOURS SAC,4.0,8
3399,R15,28,2,AV.,JOSE PARDO,NEGOCIACIONES SVICO LATINO,2.3,7
3402,N61,35,9,AV.,ALFREDO BENAVIDES,HOLDING EXPRES,2.0,1
3406,U11,40,9,AV.,PETIT THOUARS,RANSA COMERCIAL S.A,3.2,2
3407,R12,26,6,AV.,O.R. BENAVIDES,ET. MOLITOURS,3.3,7
3408,U04,56,8,CA.,RECAVARREN,COMERCIALIZADORA CANAN,2.4,0
3411,R15,50,3,AV.,JOSE PARDO,ATAUPILLCO RODRIGUEZ,3.9,8
3413,N61,50,10,AV.,ALFREDO BENAVIDES,ETRANCISA,2.7,3
3414,U11,53,0,AV.,ALFREDO BENAVIDES,DISTRIBUCIONES ROBASA SAC,1.4,8
3415,N61,42,6,AV.,PASEO DE LA REP.,TRANSNASA,3.7,4
3416,N61,47,6,AV.,ALFREDO BENAVIDES,MULT Y INV. V. DE COPACABANA,2.3,3
3417,N61,46,10,AV.,PASEO DE LA REP.,ET. NUEVA AMERICA,3.1,3
3418,N61,25,6,AV.,ALFREDO BENAVIDES,HOLDING EXPRES,2.1,7
3420,U04,42,11,CA.,JOSE GALVEZ,DISTRIBUCIONES ROBASA SAC,2.0,2
3423,U04,41,4,CA.,FCO. DE PAULA CAMINO,TRANSPORTES RKM SAC.,3.0,4
3424,U04,19,10,CA.,BOLOGNESI,S. LOGISTICOS PAN Y AGUA,3.3,9
3425,N67,34,8,CA.,DOS DE MAYO,TRANSP. VENEZUELA SA.,2.6,1
3426,N61,21,13,CA.,DOS DE MAYO,HOLDING EXPRES,2.3,9
3427,U04,19,7,CA.,FCO. DE PAULA CAMINO,TRANSPORTES RKM SAC.,2.6,5
3428,N61,43,12,CA.,DOS DE MAYO,HOLDING EXPRES,2.7,2
3429,U11,55,7,AV.,RICARDO PALMA,RODI TRANSPORTES EIRL.,1.7,0
3430,N61,49,11,AV.,ALFREDO BENAVIDES,CCT. TRANSCANTEL,3.5,3
3435,U11,22,2,CA.,CONTRALMIRANTE MONTERO,ESPINOZA SANTILLAN QUEDER,1.6,5
3437,U04,55,6,AV.,PETIT THOUARS,DISEMALLE SAC,2.0,0
3439,U11,26,11,CA.,CONTRALMIRANTE MONTERO,MACTY SAC,2.4,9
3440,N61,60,6,AV.,CMDTE. ESPINAR,REAL EXPRESS,1.3,0
3441,U11,37,9,AV.,CMDTE. ESPINAR,JK. LIMAYLLO CONT. GENERALES EIRL.,2.3,2
3442,R12,21,3,AV.,JOSE LARCO,ET. MOLY TOURS EIRL.,2.3,5
3443,N61,26,7,AV.,PASEO DE LA REP.,ESPECIAL SOLIDARIDAD,1.4,7
3445,U11,45,13,AV.,CMDTE. ESPINAR,SERV. ABAST. SERATRA SRL.,1.8,3
3446,U04,19,4,CA.,BERLIN,DISTRIBUCIONES ROBASA SAC,2.2,5
3449,U04,41,11,CA.,GNRAL. SUAREZ,DISTRIBUIDORA PACI,3.5,2
3451,R12,37,3,AV.,ALFREDO BENAVIDES,ET. MOLITOURS,3.6,6
3452,N61,42,8,AV.,O.R. BENAVIDES,CHAMA,1.5,2
3453,U11,59,10,CA.,BOLOGNESI,TRAMACO CONTRATISTAS,2.1,0
3454,U11,35,13,AV.,PLAZA BOLOGNESI,TRAMACO CONTRATISTAS,1.5,1
3458,N61,38,8,AV.,PETIT THOUARS,ET. RAMIRO PRIALE,3.0,2
3459,U04,37,5,CA.,BELLAVISTA,TRANSPORTES 77 S.A,2.2,6
3460,U04,42,8,CA.,BELLAVISTA,TRANSPORTES 77 S.A,1.7,2
3464,R05,39,6,AV.,PASEO DE LA REP.,ESCALANTE DE LA CRUZ JULIA N.,3.9,2
3465,N61,55,1,AV.,ALFREDO BENAVIDES,HOLREX EXPRESS,1.6,8
3466,U11,34,7,CA.,BOLOGNESI,E.T.R.B. SRL.,2.7,6
3469,N61,29,5,CA.,CORONEL INCLAN,ATCR SA.,3.1,7
3472,N61,52,6,AV.,PETIT THOUARS,ET. GALILEA EXPRESS,2.8,8
3473,R15,42,7,AV.,PASEO DE LA REP.,SOSA GUILLEN BASILIO,3.4,4
3475,R15,25,8,AV.,RICARDO PALMA,LOAYZA CARDENAS RAFAEL,2.6,9
3477,U11,31,7,AV.,ALFREDO BENAVIDES,DISTRIBUIDORA ROBASA,3.1,1
3480,U11,51,7,AV.,PETIT THOUARS,REPRESENTACIONES FBA SAC,3.6,8
3481,N61,49,9,AV.,PETIT THOUARS,ESPECIAL SOLIDARIDAD,2.3,3
3489,U11,19,8,AV.,PETIT THOUARS,DISTRIBUCIONES ROBASA SAC,2.5,9
3492,U07,43,5,AV.,PETIT THOUARS,DISEMALLE SAC,3.9,4
3494,R15,52,9,AV.,PASEO DE LA REP.,CORPORACION HAPPY TOURS,2.9,8
3495,N71,22,5,CA.,GNRAL. BORGOÃ‘O,ATCR SA.,3.9,5
3496,R19,31,6,AV.,ANGAMOS OESTE,CJM. GLOBAL SA.,1.4,7
3497,N61,38,10,CA.,BELISARIO SUAREZ,CORPORACION ALELUYA,3.1,2
3498,U04,52,6,CA.,LOS PINOS,DISTRIBUCIONES ROBASA SAC,3.0,8
3499,U04,39,9,CA.,BELISARIO SUAREZ,DISTRIBUIDORA PACI,2.7,2
3500,N67,44,7,AV.,ANGAMOS OESTE,ET. GRUPO DIEZ SAC.,1.2,4
3501,N67,42,7,AV.,GNRAL. CORDOVA,ET. TABALADA 2000 SA.,2.6,4
3502,N67,57,5,AV.,ANGAMOS OESTE,ETRANCISA,1.4,0
3503,N61,45,3,CA.,GNRAL. SUAREZ,ETSAMIGSA,1.8,4
3504,R13,22,7,CA.,GNRAL. SUAREZ,HERRERA HARCAYA,2.4,5
3505,N67,42,9,AV.,ALFREDO BENAVIDES,HOLREX EXPRESS,2.9,2
3506,N61,28,5,AV.,JOSE PARDO,HRE EXPRESS,2.5,7
3507,U04,45,11,AV.,ANGAMOS ESTE,LBA CARGO S.R.L.,1.8,3
3508,U11,44,2,AV.,PETIT THOUARS,MADUEÃ‘O LLONTOP LUIS,3.2,4
3509,U07,32,4,CA.,JOSE OLAYA,MENEZ QUIÃ‘ONES,3.4,6
3510,R15,41,12,AV.,pASEO DE LA REP.,ROJAS LEIVA F.,1.7,2
3511,R05,53,2,AV.,PASEO DE LA REP.,TAXI NUEVO SAN JUAN,1.2,8
3512,U11,39,4,CA.,BOLOGNESI,TRANSPORTES QUISPE SAC.,1.8,6
3513,N67,43,3,AV.,ANGAMOS OESTE,TRUSAC,2.6,4
3514,U07,55,3,MLCON.,DE LA MARINA,VALLAS Y GIGANTOGRAFIAS,1.6,8
3523,U11,54,5,CA.,ATAHUALPA,CENTRAL PERU S.A,3.7,8
3524,U07,58,5,CA.,CORONEL INCLAN,DISTRIBUCIONES ROBASA SAC,3.7,0
3525,U07,36,11,CA.,BERLIN,DISTRIBUCIONES ROBASA SAC,3.4,2
3526,N61,31,4,AV.,PASEO DE LA REP.,ESPECIAL SOLIDARIDAD,1.4,6
3527,N61,27,7,AV.,ALFREDO BENAVIDES,HOLREX EXPRESS,4.0,7
3528,U07,56,4,AV.,PETIT THOUARS,LOVO ALEJO CARLOS,2.9,0
3529,U07,37,7,CA.,HENRY REVETT,SERV. ABAST. Y TRANSPORTE SRL.,3.5,2
3530,U07,56,6,CA.,PIURA,TRANSPORTES 77 S.A,3.8,0
3531,U04,52,8,AV.,ALFREDO BENAVIDES,TRANSP. LIMA CARGO,2.4,8
3532,U07,38,7,CA.,BELLAVISTA,TRANSP. TURISTICO SAKURA,1.9,2
3533,U07,33,6,CA.,BERLIN,UNION DE CONCRETERAS,1.5,6
3534,N61,56,5,AV.,ALFREDO BENAVIDES,URANO TOURS,1.9,0
3535,N01,23,8,AV.,PETIT THOUARS,URANO TOURS,2.3,9
3536,R05,57,11,AV.,PASEO DE LA REP.,VEGA VILCA DOLORES,2.3,0
3537,U04,42,4,CA.,BELLAVISTA,VILCHEZ ROBLES P.,4.0,4
3540,R15,31,9,CA.,CHICLAYO,ABRAMONTE REYNA JOSE L.,3.5,1
3541,U11,49,13,CA.,ALMIRANTE LORD COCHRANE,COMPAÃ‘ÃA MINERA,3.7,3
3542,N61,19,8,AV.,RICARDO PALMA,CONS. GRUPO SALAMANCA,2.9,5
3543,U04,21,7,AV.,DIEZ CANSECO,DISTRIBUIDORA PACI,3.0,5
3544,U04,48,8,CA.,GNRAL. SUAREZ,DISTRIBUIDORA PACI,3.8,3
3545,U04,49,7,CA.,PIURA,DISTRIBUIDORA PACI,1.9,3
3546,R15,41,2,AV.,PETIT THOUARS,EMP. TAXIS Y SERV. JIRME,3.9,4
3547,N67,20,8,AV.,ANGAMOS ESTE,ET. EXPRESS PACHACAMAC SA.,2.9,5
3548,R18,40,7,AV.,PETIT THOUARS,ET. J&J TOURS SAC,3.0,2
3549,N67,25,9,AV.,ANGAMOS ESTE,CILAP,2.8,9
3550,N24,49,6,CA.,DOS DE MAYO,ET. RAMIRO PRIALE P.,3.6,3
3551,N24,34,8,CA.,DOS DE MAYO,UNIDOS CHAMA,1.5,1
3552,R13,44,13,AV.,OSCAR R. BENAVIDES,GAMONAL AREVALO N.,1.8,3
3553,R15,32,7,AV.,ANGAMOS ESTE,GAYOSO ROMANI W.,3.5,1
3554,R15,20,5,AV.,ANGAMOS ESTE,GIRACORP. EIRL.,3.4,5
3555,N61,22,1,AV.,ALFREDO BENAVIDES,HOLDING EXPRES,1.7,5
3556,N61,24,11,AV.,PETIT THOUARS,HOLREX EXPRESS,2.2,9
3557,R15,22,7,CA.,INDEPENDENCIA,INTI TAXIS EIRL.,1.4,5
3558,R15,19,7,AV.,ANGAMOS ESTE,LAVANO YATACO DAGOBERTO D.,2.8,5
3559,R05,35,11,AV.,PETIT THOUARS,LUCKY TAXI,2.1,1
3560,U11,35,7,CA.,ALMIRANTE LORD COCHRANE,RIVCAL SAC.,2.4,6
3561,U07,41,6,AV.,PETIT THOUARS,TRANSPORTES 77 S.A,3.3,4
3572,R15,37,6,CA.,SCHELL,CALLA TIZA JOSE E.,3.5,6
3573,R05,48,10,AV.,PASEO DE LA REP.,ET. Y S. MULT. JIRNE SAC,2.4,3
3574,N40,32,5,AV.,GNRAL. CORDOVA,ET. EDILBERTO RAMOS,1.7,6
3575,N56A,55,9,AV.,ANGAMOS OESTE,ET. EDILBERTO RAMOS,1.9,0
3576,N56A,42,5,AV.,ANGAMOS OESTE,ETMIMSA,1.5,4
3577,N67,26,8,AV.,ALFREDO BENAVIDES,HOLDING EXPRES,3.1,7
3578,N61,20,10,AV.,PASEO DE LA REP.,HOLDING EXPRES,2.1,9
3579,N71,55,3,AV.,PASEO DE LA REP.,HOLREX EXPRESS,2.9,8
3580,N34,44,7,AV.,ALFREDO BENAVIDES,HOLREX EXPRESS,3.1,4
3581,N61,60,8,AV.,JOSE PARDO,HRE EXPRESS,2.9,0
3582,N61,52,9,AV.,JOSE PARDO,HRE EXPRESS,3.5,8
3583,R15,59,8,AV.,DIEZ CANSECO,LOPEZ MALDONADO,2.3,0
3584,R15,33,3,MLCON.,DE LA RESERVA,NEG. Y MULT. EIRL.,2.5,6
3585,U07,21,6,CA.,BELLAVISTA,PANTOJA HERRERA OSCAR,2.5,5
3586,R15,51,8,CA.,SCHELL,PEÃ‘A MARCOS CARLOS,2.4,8
3587,R15,41,9,AV.,ANGAMOS ESTE,SERV. DE TAXI TURS Y M. JUNIOR,4.0,2
3588,U07,52,7,AV.,PETIT THOUARS,SOLUCIONES LOGISTICA,2.2,8
3589,U07,56,13,CA.,CONTRALMIRANTE MONTERO,TRANSPOIRTES H&C ASOC.,2.4,0
3590,U04,46,9,CA.,BELLAVISTA,TRANSPORTES 77 S.A,2.3,3
3591,U04,42,6,AV.,DIEZ CANSECO,TRANSPORTES 77 S.A,3.0,4
3592,R15,53,8,MLCON.,DE LA RESERVA,VALDERRAMA RONDAN,2.0,8
3593,N61,22,7,AV.,ALFREDO BENAVIDES,VIRGEN DE COPACABANA,3.9,5
3603,N61,47,7,AV.,ALFREDO BENAVIDES,AQUARIUS SAC.,3.5,3
3604,R15,36,8,AV.,ALFREDO BENAVIDES,AUTOGOL TOURS,1.8,2
3605,U11,57,10,CA.,GRIMALDO DEL SOLAR,DISTRIBUIDORA PACI,1.8,0
3606,U11,37,8,CA.,GRIMALDO DEL SOLAR,DISTRIBUIDORA PACI,2.0,2
3607,R13,52,5,OV.,GUTIERREZ,E.T. ALBERTO PAEZ,2.4,8
3608,R15,23,8,AV.,OSCAR R. BENAVIDES,EMP. MULT. FRANKLIN,2.1,9
3609,N61,53,12,AV.,ALFREDO BENAVIDES,ESPECIAL SOLIDARIDAD,1.8,3
3610,N67,29,7,AV.,PETIT THOUARS,ET. 25 DE SETIEMBRE,2.1,7
3611,N56A,60,6,AV.,ANGAMOS OESTE,ETFOCAM SA.,1.4,0
3612,N56A,50,9,AV.,ANGAMOS OESTE,ETFOCAM SA.,2.3,3
3613,N61,59,7,AV.,ALFREDO BENAVIDES,HOLDING EXPRES,2.5,0
3614,N61,36,3,AV.,ALFREDO BENAVIDES,HOLREX EXPRESS,3.8,6
3615,N61,53,6,AV.,ALFREDO BENAVIDES,HOLREX EXPRESS,2.0,8
3616,N01,59,6,AV.,PETIT THOUARS,HOLREX EXPRESS,1.6,0
3617,U04,34,3,CA.,BOLOGNESI,LAURA MANCILLA RAFAEL C.,1.8,6
3618,R05,33,6,AV.,AREQUIPA,Ã‘AUPARI AQUINO ALEJANDRO,3.4,6
3619,R15,32,4,OV.,GUTIERREZ,PAREJA MAYHUIRI MARIO,1.7,6
3620,R15,51,5,AV.,OSCAR R. BENAVIDES,TAXI GOOD SAC,2.3,8
3621,U07,56,12,CA.,LIBERTAD,TRANSPORTES 77 S.A,2.1,0
3622,U04,44,9,CA.,ALCANFORES,TRANSPORTES 77 S.A,2.6,3
3623,N24,21,1,AV.,JOSE PARDO,URANO TOURS,1.2,5
3624,N61,27,2,AV.,ALFREDO BENAVIDES,URANO TOURS,2.3,7
3625,U07,42,6,CA.,JOSE GONZALES,VALLE AMAYA KETTY M.,3.3,4
3626,U11,51,5,MLCON.,BALTA,VILLANTOY ENCISO SULMA,1.3,8
3638,N67,33,5,AV.,DEL EJERCITO,AQUARIUS SAC.,1.7,6
3639,N61,18,11,AV.,PASEO DE LA REP.,AQUARIUS SAC.,1.7,9
3640,U11,35,8,CA.,HENRY REVETT,ARIES CARGO SAC,1.4,1
3641,R15,30,2,AV.,OSCAR R. BENAVIDES,AUTOGOL TOURS,3.8,7
3642,N61,47,10,AV.,PETIT THOUARS,ESPECIAL SOLIDARIDAD,1.7,3
3643,N01,49,10,CA.,JOSE OLAYA,ET. GALILEA EXPRESS,2.6,3
3644,N61,45,11,AV.,ANGAMOS ESTE,ETSAMIGSA,1.7,3
3645,N61,37,9,CA.,SCHELL,HOLREX EXPRESS,1.5,2
3646,N01,37,11,AV.,JOSE LARCO,JOSE GALVEZ,2.1,2
3647,N61,52,9,AV.,JOSE LARCO,TRANSLIMA S.A,4.0,8
3648,U04,28,4,CA.,LOS PINOS,TRANSPORTES 77 S.A,3.1,7
3649,N67,40,7,AV.,PASEO DE LA REP.,UNIDOS CHAMA,2.0,2
3650,N71,42,3,CA.,SCHELL,URANO TOURS,3.8,4
3661,R15,31,11,AV.,JOSE PARDO,CONSORCIO DE T. TURISTICO,1.9,1
3662,R15,54,6,AV.,JOSE PARDO,CONSORCIO DE T. TURISTICO,3.6,8
3663,R23,34,8,AV.,JOSE PARDO,ET. J&J TOURS SAC,3.4,1
3664,R23,59,10,AV.,JOSE PARDO,ET. J&J TOURS SAC,3.2,0
3665,R15,55,5,AV.,JOSE PARDO,PRADO JULCA ROWINO,2.9,0
3674,R15,25,6,CA.,SCHELL,ALVARADO GONZALES Y.,3.6,7
3675,R15,33,2,CA.,SCHELL,DAICHI MOTORS SAC.,3.4,6
3676,N01,43,7,AV.,JOSE LARCO,ESPECIAL SOLIDARIDAD,3.3,4
3677,N40,27,5,AV.,ALFREDO BENAVIDES,ESPECIAL SOLIDARIDAD,3.6,7
3678,N71,48,9,AV.,JOSE LARCO,JOSE GALVEZ,2.8,3
3679,N71,33,5,AV.,JOSE LARCO,JOSE GALVEZ,1.3,6
3680,R12,45,5,AV.,OSCAR R. BENAVIDES,ET Y SERV. MOBY DKK,3.0,4
3681,N61,26,4,AV.,JOSE PARDO,ET. GALILEA EXPRESS,4.0,7
3682,R15,42,3,CA.,SCHELL,ET. SERV. Y TURISMO,2.4,4
3683,N61,42,3,AV.,JOSE LARCO,JOSE GALVEZ,2.0,4
3684,R15,24,11,AV.,JOSE PARDO,LOZANO CALCINA CRISTIAN,3.3,9
3685,N61,29,11,CA.,SCHELL,LUIS BANCHERO ROSSI,2.5,1
3686,R15,37,10,AV.,OSCAR R. BENAVIDES,MONCADA TUESTA JOSE,1.9,2
3687,R15,49,8,AV.,OSCAR R. BENAVIDES,MONCADA TUESTA JOSE,1.8,3
3688,R15,41,4,AV.,JOSE PARDO,MONTALVO QUINTANA JOSE,1.7,4
3689,R15,40,11,CA.,SCHELL,PAIRAZAMAN RODRIGUEZ S.,2.7,2
3690,R15,21,4,CA.,SCHELL,PAIRAZAMAN RODRIGUEZ S.,1.2,5
3691,R15,38,9,AV.,JOSE PARDO,QUISPE MONTESINOS JUANA,2.2,2
3692,R15,55,6,AV.,JOSE PARDO,RUIZ GRANDEZ WALTER,1.5,0
3693,R15,31,11,MLCON.,DE LA RESERVA,ZURITA CANALES JUAN,2.2,1
3747,N61,18,8,AV.,ANGAMOS OESTE,ET. SANTO CRISTO SA.,4.0,5
3748,R12,33,8,AV.,ANGAMOS OESTE,SERV. DE TAXI TURS Y M. JUNIOR,3.0,1
3749,N61,35,11,AV.,ALFREDO BENAVIDES,HOLREX EXPRESS,3.9,1
3750,R05,41,7,AV.,ANGAMOS OESTE,R.T. SCH EIRL.,2.6,2
3751,N67,43,6,AV.,OSCAR R. BENAVIDES,UNIDOS CHAMA,1.6,4
3758,R15,60,12,MLCON.,BALTA,CARRAIZA ESPINOZA V.,2.4,0
3759,U04,36,7,CA.,PORTA,COMERCIALIZADORA CANAN,1.6,6
3760,U07,19,8,CA.,BERLIN,DISTRIBUCIONES ROBASA SAC,2.7,5
3761,U07,45,8,CA.,GNRAL. BORGOÃ‘O,DISTRIBUCIONES ROBASA SAC,1.7,3
3762,N67,28,11,AV.,ALFREDO BENAVIDES,ESPECIAL SOLIDARIDAD,2.8,1
3763,N67,39,8,AV.,ALFREDO BENAVIDES,ESPECIAL SOLIDARIDAD,3.6,2
3764,N67,55,5,AV.,ALFREDO BENAVIDES,ESPECIAL SOLIDARIDAD,2.5,0
3765,R15,27,8,AV.,ALFREDO BENAVIDES,ET. AUTOMOVILES E.,3.3,7
3766,R13,29,6,CA.,SCHELL,ET. MULTIS. INVERS. NEGOC. SURCO,2.7,7
3767,U07,19,12,CA.,CONTRALMIRANTE MONTERO,GARCIA BASILIO OLGA,4.0,9
3768,R15,49,7,AV.,JOSE PARDO,GEORGE VALENTIN R.,1.7,3
3769,N71,36,10,CA.,SCHELL,HOLREX EXPRESS,1.4,2
3770,N01,52,10,AV.,OSCAR R. BENAVIDES,HOLREX EXPRESS,2.8,3
3771,U07,55,7,AV.,PETIT THOUARS,MACTY SAC.,1.2,0
3772,U07,46,1,CA.,HENRY REVETT,PERALTA FRANCIA C.,3.0,4
3773,U07,31,6,CA.,CONTRALMIRANTE MONTERO,PRAYSDI FOOD SAC.,1.5,7
3774,R12,45,9,AV.,PETIT THOUARS,PROACCION EMPRESARIAL,2.1,3
3775,R15,44,8,AV.,PASEO DE LA REP.,RODRIGUEZ HUAMANI EDUS,3.6,4
3776,U07,35,7,CA.,BELLAVISTA,ROSARIO MENDEZ CESAR,3.7,6
3777,U04,31,8,CA.,CORONEL INCLAN,SERV. LOG. PANIAGUA,1.4,1
3778,R15,33,6,CA.,LOS PINOS,TAXI SPEED CAR,3.8,6
3779,U04,33,7,AV.,LA PAZ,TRANSPORTES 77 S.A,4.0,1
3780,U07,28,6,AV.,PASEO DE LA REP.,TRANSPORTES 77 S.A,3.7,7
3781,U04,29,10,CA.,BELLAVISTA,TRANSPORTES RKM SAC.,1.9,1
3786,R15,52,10,CA.,SCHELL,CHOCOS ARANCIAL VICTOR,3.2,3
3787,U07,22,8,CA.,CONTRALMIRANTE MONTERO,CIA AGROINO PUNTA DEL SUR,2.9,9
3788,U04,34,8,CA.,CORONEL INCLAN,DISTRIBUIDORA PACI,3.9,1
3789,U04,54,3,CA.,CORONEL INCLAN,DISTRIBUIDORA PACI,3.5,8
3790,U04,43,2,CA.,BELLAVISTA,DISTRIBUCIONES ROBASA SAC,2.1,4
3791,U07,47,6,CA.,CONTRALMIRANTE MONTERO,EMP. TRANSP. R.B. CAR,2.6,3
3792,R15,38,4,AV.,JOSE PARDO,ET. Y SERV. MULT. A. PAEZ,2.4,6
3793,N24,45,12,AV.,PASEO DE LA REP.,HOLDING EXPRES,3.4,3
3794,N34,26,3,AV.,ALFREDO BENAVIDES,HOLDING EXPRES,2.7,7
3795,N34,25,6,AV.,ALFREDO BENAVIDES,HOLDING EXPRES,3.3,7
3796,N34,26,3,AV.,ALFREDO BENAVIDES,HOLREX EXPRESS,2.5,7
3797,N24,36,10,AV.,PASEO DE LA REP.,HOLREX EXPRESS,1.5,2
3798,N34,51,7,AV.,ALFREDO BENAVIDES,HOLREX EXPRESS,3.8,8
3799,N01,30,2,AV.,COMANDANTE ESPINAR,HOLREX EXPRESS,3.8,7
3800,N34,26,8,AV.,ALFREDO BENAVIDES,HOLREX EXPRESS,2.0,7
3801,N61,21,4,AV.,ALFREDO BENAVIDES,HRE EXPRESS,2.6,5
3802,U07,55,10,CA.,CONTRALMIRANTE MONTERO,LA CALERA SAC,1.5,0
3803,R15,25,3,AV.,JOSE PARDO,LOYOLA ROSARIO VICTOR,2.8,7
3804,R15,26,3,CA.,SCHELL,MAGUIÃ‘A LOPEZ EDGAR,3.6,7
3805,R15,59,5,AV.,JOSE PARDO,OCAMPO MALDONADO J.,3.8,0
3806,U07,59,7,CA.,CONTRALMIRANTE MONTERO,TRANSP. AMN CARGO,3.9,0
3807,U07,30,7,CA.,CONTRALMIRANTE MONTERO,TRANSPORTES MERSOL,3.3,7
3808,N61,51,6,AV.,ALFREDO BENAVIDES,URANO TOURS,2.8,8
3809,N34,54,4,AV.,ALFREDO BENAVIDES,URANO TOURS,2.4,8
3810,R12,57,5,MLCON.,BALTA,VICTORERO HURTADO ABEL,3.2,0
3818,R13,45,5,AV.,AREQUIPA,C.J.M. BLOBAL SA.,2.4,4
3819,R15,53,9,AV.,ALFREDO BENAVIDES,COMP. CONSTRUCTORA INMOB. Y S.,3.2,0
3820,U04,23,14,CA.,PIURA,CORPORACION SERV. BASICOS,1.3,9
3821,U07,38,6,CA.,PORTA,DISTRIBUCIONES ROBASA SAC,2.2,2
3822,R15,20,6,CA.,SCHELL,E.T. TAXI SEBASLERS,3.0,5
3823,U07,48,6,CA.,BELLAVISTA,EMP. DE TRANSP. SHONS,2.8,3
3824,U11,35,5,CA.,CONTRALMIRANTE MONTERO,GRUPO BARTHE,2.8,6
3825,N42,50,8,AV.,JOSE LARCO,HOLDING EXPRES,3.9,3
3826,N61,57,5,CA.,SCHELL,HOLREX EXPRESS,2.3,0
3827,U07,25,5,CA.,BOLOGNESI,JIREM LOGISTIC,1.6,7
3828,U11,54,10,AV.,PASEO DE LA REP.,P&D ANDINA ALIMENTOS,2.3,0
3829,N40,49,13,AV.,ALFREDO BENAVIDES,URANO TOURS,3.4,3
3830,R15,47,11,AV.,ALFREDO BENAVIDES,VALVERAE VALVERAE,2.1,3
3843,U17,39,4,CA.,CONTRALMIRANTE MONTERO,BRAEDT SA.,3.9,6
3844,U11,35,13,CA.,ARICA,DISTRIBUIDORA PACI,1.9,1
3845,U11,26,7,CA.,ARICA,DISTRIBUIDORA PACI,2.6,7
3846,R13,33,8,CA.,SCHELL,E.T. MOLI TOURS EIRL.,2.7,1
3847,N61,28,3,AV.,PASEO DE LA REP.,ESPECIAL SOLIDARIDAD,2.3,7
3848,N67,42,11,AV.,PASEO DE LA REP.,ET. 25 DE SETIEMBRE,2.4,2
3849,N01,35,12,AV.,JOSE LARCO,ET. GALILEA EXPRESS,1.6,1
3850,N67,42,6,CA.,CMDTE. ESPINAR,ETSAMIGSA,1.3,4
3851,N61,43,6,AV.,ALFREDO BENAVIDES,HOLDING EXPRES,2.0,4
3852,N67,30,8,CA.,DOS DE MAYO,HOGAR TOURS,3.3,1
3853,N61,52,10,AV.,ALFREDO BENAVIDES,HOLDING EXPRES,1.3,8
3854,R15,30,9,AV.,DIEZ CANSECO,TERNERO ANTON GISELLA,1.3,1
3855,U07,34,5,AV.,ALFREDO BENAVIDES,TRANSP. RKN SAC.,3.1,6
3867,U04,56,7,CA.,GNRAL. SUAREZ,COMERCIALIZADORA CANAN,3.0,0
3868,U04,31,6,CA.,BERLIN,DISTRIBUCIONES ROBASA SAC,2.8,7
3869,U11,53,1,AV.,COMANDANTE ESPINAR,E.T. SHON,2.9,8
3870,U07,32,9,CA.,HENRY REVETT,INVERSIONES SASMAR,2.3,1
3871,U04,38,8,MLCON.,28 DE JULIO,LAIME PASCUAL JORGE,3.9,2
3872,U11,58,9,CA.,ROMA,TRANSP. TACSA,1.2,0
3873,U07,26,11,CA.,HENRY REVETT,TRANSP. TURISTICO SAKURA,2.5,9
3874,U07,52,4,CA.,DIEZ CANSECO,TRANSPORTES J&L SERV.,1.8,8
3877,U11,31,6,AV.,OSCAR R. BENAVIDES,CHEZVEZ DE ALANIA MAGDALENA,2.4,7
3878,U07,48,10,CA.,CONTRALMIRANTE MONTERO,DISTRIBUCIONES HUARACCA,2.0,3
3879,U04,44,6,CA.,COLON,DURAND PALOMINO ELIZABETH,2.2,4
3880,N61,38,6,AV.,PETIT THOUARS,ESPECIAL SOLIDARIDAD,2.7,6
3881,R15,34,11,AV.,AREQUIPA,ET. MULTISERV. I&N,1.4,1
3882,R15,23,9,AV.,JOSE PARDO,ET. TAXIS JIRHE SAC.,1.5,9
3883,U11,19,5,CA.,HENRY REVETT,GARCIA BASILIO OLGA,1.6,5
3884,N61,35,13,AV.,ALFREDO BENAVIDES,HOLREX EXPRESS,2.1,1
3885,N01,43,6,AV.,OSCAR R. BENAVIDES,HOLREX EXPRESS,2.9,4
3886,N44,45,8,AV.,OSCAR R. BENAVIDES,HRE EXPRESS,3.9,3
3887,N61,40,6,AV.,OSCAR R. BENAVIDES,LUIS BANCHERO ROSSI,3.8,2
3888,R15,43,4,AV.,JOSE PARDO,MENDOZA LLUNCOR E.,3.9,4
3889,R15,22,10,AV.,JOSE PARDO,MENDOZA LLUNCOR E.,2.3,9
3890,R15,32,7,AV.,PASEO DE LA REP.,PIZARRO LOZANO NEIL,2.6,1
3891,R12,58,4,AV.,JOSE LARCO,SANTISIMA VIRGEN DEL C.,2.3,0
3892,U11,46,8,CA.,LOS PINOS,VIDRERIA PALACIOS SAC.,2.8,3
3895,R12,56,11,AV.,JOSE PARDO,E.T. SERV. TAXIS,3.2,0
3896,N61,54,9,AV.,JOSE LARCO,ET. SAN SEBASTIAN,2.4,0
3901,N61,29,7,AV.,JOSE LARCO,CILAP,3.6,7
3902,N61,39,8,AV.,JOSE LARCO,CORPORACION ETUNIJESA,3.0,2
3903,R12,41,10,AV.,JOSE LARCO,E.T. MOLI TOURS EIRL.,3.8,2
3904,R12,25,5,CA.,SCHELL,E.T. SERV. TAXIS,2.4,7
3905,R12,19,2,CA.,BELLAVISTA,ET. 25 DE SETIEMBRE,3.9,5
3906,R12,19,9,CA.,LOS PINOS,GLOBAL FAST SAC.,2.8,9
3907,R15,36,9,AV.,JOSE LARCO,INVERSIONES & N. METRO T.,1.3,2
3908,R15,37,1,AV.,OSCAR R. BENAVIDES,MARTINEZ BARZOLA O.,2.7,6
3909,R12,36,13,AV.,JOSE LARCO,SANTISIMA VIRGEN DEL C.,2.7,2
3941,R12,22,3,AV.,ALFREDO BENAVIDES,E.T. MOLI TOURS EIRL.,2.2,5
3942,R12,54,8,AV.,ARAMBURU,E.T. MOLI TOURS EIRL.,3.7,0
3943,N61,47,8,AV.,ALFREDO BENAVIDES,ETRASCSA,2.0,3
3944,U11,49,7,AV.,CMDTE. ESPINAR,EXPRESS TRANSPORTS S.A,2.7,3
3945,U07,38,10,CA.,GNRAL. BORGOÃ‘O,GALVEZ GOMEZ CRISTHIAN,1.9,2
3946,N61,41,7,CA.,SCHELL,HOLDING EXPRES,3.2,2
3947,N61,52,5,AV.,ALFREDO BENAVIDES,HOLDING EXPRES,1.8,8
3948,N61,45,7,AV.,PETIT THOUARS,HOLREX EXPRESS,1.8,4
3949,U07,59,9,CA.,GNRAL. BORGOÃ‘O,LA CALERA SAC,3.3,0
3950,R15,38,5,AV.,OSCAR R. BENAVIDES,MALVACEDA REYES,2.4,6
3951,R15,56,8,AV.,JOSE PARDO,MULTISERV. SEBASLERS,1.9,0
3952,U07,51,7,AV.,JOSE PARDO,SILVA MIRANDA IRMA,2.6,8
3953,R05,51,10,AV.,PETIT THOUARS,SORIA RODRIGUEZ CARLOS,1.9,3
3954,U11,56,3,CA.,PIURA,TRANSERMIR,2.9,0
3955,U07,53,9,CA.,JOSE GALVEZ,TRANSP. Y SERV. DELGADO,1.4,0
3956,N63,19,12,CA.,CMDTE. ESPINAR,UNIDOS CHAMA,1.3,9
3967,N61,56,6,CA.,ATAHUALPA,ET. EDILBERTO RAMOS,2.7,0
3970,U07,60,5,AV.,ANGAMOS OESTE,CONCREMAX,3.4,0
3971,U07,50,11,CA.,DOS DE MAYO,CENTRAL PERU S.A,2.1,3
3973,U07,31,9,CA.,DOS DE MAYO,SKN TRRANSPORTES S.A.C,2.9,1
3974,U07,36,6,CA.,LIBERTAD,OPERADOR LOGISTICO,3.2,6
3975,U07,37,5,CA.,LOS PINOS,TOMAS PEREZ DE V.,1.7,6
3977,U07,21,12,CA.,BOLOGNESI,TRANSP. FARJE EIRL,3.2,9
3978,R13,55,2,AV.,PETIT THOUARS,NAVARRO MILLA RULLI,2.9,8
3979,R15,44,1,AV.,DIEZ CANSECO,CARLOS MOISES VIDAL,1.5,4
3980,R13,32,6,AV.,PETIT THOUARS,REYES RIVEROS A.,1.8,1
3981,U04,21,6,CA.,BERLIN,DISTRIBUCIONES ROBASA,2.1,5
3982,U07,53,3,MLCON.,DE LA RESERVA,DEMOPOSS EIRL,2.5,8
3983,U07,54,8,CA.,BOLOGNESI,ZAPATA MELENDEZ C.,3.7,0
3985,N71,55,11,CA.,INDEPENDENCIA,ETEPSA,1.7,0
3987,N44,45,8,AV.,ALFREDO BENAVIDES,CCT. TRANSCANTEL,3.2,3
3988,U11,43,5,CA.,LOS PINOS,VIDRERIA PALACIOS SAC.,2.5,4
3989,U04,57,10,CA.,HENRY REVETT,PANIFICADORA BIMBO DEL PERU,3.0,0
3990,N61,55,6,AV.,PETIT THOUARS,ET. SAN SEBASTIAN,3.4,8
3994,R12,21,9,AV.,DIEZ CANSECO,ET. MOLITOURS,3.9,9
3995,U04,41,13,CA.,BERLIN,DISTRIBUCIONES ROBASA,2.5,2
3996,U11,57,3,CA.,JOSE GALVEZ,UNION DE CONCRETERAS,3.9,0
3998,N24,56,5,CA.,JOSE OLAYA,HOLREX REAL EXPRESS,2.7,0
3999,U11,23,5,CA.,DOS DE MAYO,MANIOBRAS LIFT,2.4,5
4000,U04,35,9,CA.,FRANCIA,TRANSPORTES 77 SA.,3.1,1
4002,N67,23,7,AV.,OSCAR R. BENAVIDES,ETRASCPSA,3.0,9
4003,R12,40,4,CA.,ALCANFORES,TAXI SAN BORJA M.E. HIJOS EIRL.,3.1,4
4004,U11,49,6,AV.,GRAU,GRUPO BARTHE,2.2,8
4005,U11,59,6,AV.,DIEZ CANSECO,DISTRIBUIDORA PACI,1.9,0
4006,U04,27,6,CA.,LOS PINOS,DISTRIBUIDORA PACI SRL.,3.7,7
4007,U04,52,6,CA.,GNRAL. SUAREZ,DISTRIBUIDORA PACI,2.8,8
4008,U11,47,4,AV.,JORGE CHAVEZ,DISTRIBUIDORA PACI,3.7,4
4009,U07,49,6,CA.,INCLAN,SERV. DE TRANSP. ALISO,2.8,8
4011,N61,53,5,CA.,SCHELL,HOLREX EXPRESS,3.1,8
4012,U07,44,4,CA.,INDEPENDENCIA,ZAVALA PADILLA NELLY A.,1.5,4
4014,U11,19,13,AV.,PASEO DE LA REP.,ELIFRAN,2.7,9
4015,R12,59,8,AV.,DIEZ CANSECO,E.T. J&J TOURS,1.6,0
4016,N61,31,9,AV.,JOSE PARDO,HOLREX EXPRESS,2.6,1
4017,U07,45,8,AV.,DIEZ CANSECO,DELGADO GALVEZ B. EVA,3.0,3
4019,U07,34,5,CA.,LOS PINOS,BRAEDT SA.,2.7,6
4020,U04,35,5,CA.,LOS PINOS,DISTRIBUCIONES ROBASA,3.0,6
4021,U07,27,9,AV.,CMDTE. ESPINAR,MAYHUASCA ESPINAR,3.7,7
4022,R15,46,10,AV.,DIEZ CANSECO,SERV. DE TAXI TURS Y M. JUNIOR,2.4,3
4023,U04,19,5,AV.,DIEZ CANSECO,COMERCIALIZADORA CANAN,3.4,5
4024,R15,44,13,AV.,DIEZ CANSECO,ET. CALLAO TAXI TOURS,2.3,3
4025,R13,45,8,CA.,LOS PINOS,ET. J Y J TOURS SAC.,2.5,3
4026,U07,21,12,CA.,PIURA,RUIZ NIÃ‘O DE TAVARA,2.4,9
4027,N71,56,5,CA.,CHICLAYO,ATCR,3.6,0
4029,U11,39,10,CA.,CA. COLON,RANSA COMERCIAL SA.,2.8,2
4030,N34,48,5,AV.,OSCAR R. BENAVIDES,UNIDOS CHAMA,2.3,8
4031,U11,46,13,CA.,LAS DALIAS,K&C LOGISTIC SAC.,2.6,3
4032,U11,57,8,CA.,PIURA,RUIZ CRUZ JENNY M.,2.9,0
4033,N61,54,6,AV.,DIEZ CANSECO,ESPECIAL SOLIDARIDAD,1.6,8
4034,U11,31,4,CA.,MANCO CAPAC,TRANS. INTERVEGA,3.7,7
4035,U07,51,9,AV.,DIEZ CANSECO,DISTRIBUIDORA PACI,3.4,3
4040,N61,47,7,MLCON.,BALTA,URANO TOURS,3.9,3
4041,N67,36,8,AV.,ANGAMOS OESTE,ET. GRUPO DIEZ SAC.,1.5,2
4043,N24,35,9,AV.,ANGAMOS OESTE,ATCR SA.,3.0,2
4044,U07,26,12,AV.,ANGAMOS OESTE,ORE ATALAYA MARINA,2.5,9
4045,U07,51,7,AV.,ANGAMOS OESTE,ORE ATALAYA MARINA,2.5,8
4047,R12,57,7,CA.,ATAHUALPA,GLOBAL FAST SAC.,3.1,0
4048,U07,31,4,AV.,PETIT THOUARS,TRANSPORTES 77 SA.,3.4,7
4049,U04,55,8,CA.,SCPION LLONA,CORPORACION LINDLEY,2.3,0
4052,U07,48,3,AV.,JORGE CHAVEZ,ANGELES MINERIA Y CONTRUCC.,3.5,8
4053,N67,51,3,AV.,GNRAL. CORDOVA,ETMIMSA,3.2,8
4054,N61,51,5,AV.,ANGAMOS OESTE,ATCR SA.,2.2,8
4056,N61,36,1,CA.,ATAHUALPA,ATCR,1.6,6
4057,N67,49,7,AV.,ANGAMOS OESTE,ETMINSA,2.2,3
4058,U04,53,7,AV.,CMDTE. ESPINAR,RANSA COMERCIAL SA.,2.2,8
4060,U07,45,6,CA.,GNRAL. MENDIBURU,CORPORACION SERV. BASICOS,3.4,4
4063,U04,51,4,AV.,PASEO DE LA REP.,DISTRIBUCIONES ROBASA,2.2,8
4064,U04,28,5,CA.,BELLAVISTA,TRANSPORTES 77,2.1,7
4065,U04,37,11,CA.,BELLAVISTA,TRANSPORTES 77,1.3,2
4067,U07,35,6,AV.,CMDTE. ESPINAR,TRANSPORTES MINEROS,2.9,6
4068,U07,19,6,CA.,BOLOGNESI,TRANSPORTES 77,1.8,5
4069,N34,31,8,AV.,OSCAR R. BENAVIDES,UNIDOS CHAMA,1.5,1
4071,U07,27,4,AV.,PASEO DE LA REP.,CONTRERAS QUISPE MARCIAL,3.1,7
4072,N61,56,11,AV.,ANGAMOS ESTE,ETFOCAMSA,2.7,0
4073,U07,40,11,CA.,PIURA,MUÃ‘OZ JIMENEZ PAUL,2.3,2
4075,U04,44,6,CA.,BELLAVISTA,DISTRIBUCIONES ROBASA SAC.,3.4,4
4076,N61,56,6,AV.,DIEZ CANSECO,HOLDING REAL EXPRESS,3.1,0
4078,U11,42,7,CA.,CHICLAYO,COMERCIALIZADORA CANAN,3.8,4
4080,U04,46,5,CA.,BELLAVISTA,DISTRIBUCIONES ROBASA SAC.,3.8,4
4081,U04,54,8,CA.,ATAHUALPA,TRTANSPORTE J&L,1.3,0
4084,U07,49,6,AV.,JOSE PARDO,PALMANOVA SAC,3.6,8
4085,U11,48,4,AV.,DIEZ CANSECO,TRANSPORTES J&L SERV.,2.0,8
4086,U07,58,5,CA.,PORTA,TRANSPORTES J&L SERV.,3.1,0
4087,U11,52,9,AV.,DIEZ CANSECO,DISTRIBUIDORA PACI SRL.,2.3,8
4088,U04,56,11,CA.,INCLAN,DISTRIBUIDORA PACI SRL.,3.4,0
4089,U11,25,8,CA.,GNRAL. MENDIBURU,DISTRIBUCIONES PACI,2.4,9
4090,N67,21,1,AV.,ALFREDO BENAVIDES,REAL EXPRESS,1.6,5
4091,N61,60,6,AV.,ANGAMOS OESTE,ETERSAC,3.2,0
4092,U04,28,4,CA.,COLON,DISTRIBUCIONES ROBASA SAC,3.1,7
4094,U11,30,5,CA.,MONTERO,IDONES ORTIZ SANTA MARIA,3.1,7
4105,U04,50,8,CA.,COLON,RANSA COMERCIAL SA.,1.7,3
4106,U11,39,5,CA.,DOS DE MAYO,TORRE MURGA M. A.,3.9,2
4107,U04,42,9,CA.,BELLAVISTA,TRANSPORTES 77,3.8,2
4108,U04,55,4,CA.,BELLAVISTA,TRANSPORTES RKM SAC.,1.5,8
4109,U11,58,1,AV.,DIEZ CANSECO,DISTRIBUIDORA PACI SRL.,3.2,0
4110,U07,49,8,CA.,INCLAN,DISTRIBUIDORA PACI SRL.,3.1,3
4111,U07,39,2,CA.,CHOQUEHUANCA,DISTRIBUIDORA PACI SRL.,3.0,6
4112,U07,59,12,CA.,INCLAN,OPERADOR LOGISTICO,2.8,0
4113,U07,23,8,MLCON.,DE LA RESERVA,GARAMENDI HINOSTROSA M.,1.4,9
4115,N61,39,11,AV.,ANGAMOS OESTE,ATCR,1.7,2
4117,N61,19,12,CA.,BELLAVISTA,UNIDOS CHAMA,3.8,9
4119,R22,52,7,MLCON.,DE LA RESERVA,GLOBAL FAST,3.7,8
4121,U07,56,4,CA.,GNRAL. RECAVARREN,DISTRIBUIDORA PACI,3.8,0
4122,N61,58,9,AV.,ANGAMOS OESTE,ATCR,2.2,0
4124,U07,52,5,AV.,PETIT THOUARS,HIELO Y AGUA SA.,2.9,8
4126,N71,52,6,CA.,INCLAN,ET. LOS ANGELES DEL PERU,1.6,8
4127,U11,41,2,AV.,PETIT THOUARS,IBTRANS SERVIS SAC.,3.9,4
4128,U07,45,8,AV.,DIEZ CANSECO,DISTRIBUCIONES ROBASA SAC,1.5,3
4129,U04,41,7,AV.,PASEO DE LA REP.,DISTRIBUCIONES ROBASA SAC,3.8,2
4130,U07,36,6,CA.,PORTA,TRANSPORTES 77 SA.,3.5,6
4132,U04,24,5,CA.,BERLIN,TRANSPORTES 77 SA.,3.9,5
4134,U04,58,8,CA.,BELLAVISTA,DISTRIBUCIONES ROBASA,3.7,0
4135,U07,24,6,CA.,JOSE GONZALES,CIA INDUSTRIAL CONTINENTAL,1.9,5
4136,N61,34,7,AV.,PASEO DE LA REP.,URANO TOURS,2.9,6
4138,U07,44,6,CA.,COLON,INVERSIONES MACSIGAL,3.4,4
4139,U04,54,4,CA.,JOSE GONZALES,TRANSPORTES QULLA,2.2,8
4142,N61,50,9,AV.,PETIT THOUARS,HOLREX EXPRESS,3.2,3
4143,U04,44,9,CA.,JOSE GALVEZ,DISTRIBUCIONES ROBASA,3.7,3
4144,U11,32,12,AV.,PETIT THOUARS,LELY SPECIAL CORPORATION,3.1,1
4145,R12,59,12,AV.,PETIT THOUARS,TAXI SEGURO SA.,3.2,0
4146,U11,40,4,CA.,PORTA,TRANSPORTES J&L SERV.,1.2,4
4147,R19,30,7,AV.,DIEZ CANSECO,ALVARADO YUCRA JOHON,3.9,7
4148,N61,37,5,AV.,PETIT THOUARS,UNIDOS CHAMA,3.7,6
4149,U04,58,4,CA.,LOS PINOS,TRANSPORTES RAFYLE SAC,3.7,0
4152,U11,55,8,CA.,LOS PINOS,DISTRIBUIDORA PACI,1.7,0
4157,N71,51,12,CA.,ATAHUALPA,ET. CUARENTA INTEGRADA,3.3,3
4158,N61,19,3,AV.,ALFREDO BENAVIDES,HOLDING REAL EXPRESS,2.7,5
4163,U04,18,5,CA.,BELLAVISTA,DISTRIBUCIONES ROBASA,3.8,5
4166,U04,22,8,CA.,COLON,DISTRIBUCIONES FEBARO,1.7,9
4167,N61,38,7,AV.,JOSE PARDO,ET. RAMIRO PRIALE P.,3.2,2
4168,R12,39,5,CA.,SCHELL,ET. MULTISERVICIOS SVICO LATINO,3.9,2
4170,N67,40,10,AV.,GNRAL. CORDOVA,ETMIMSA,3.4,2
4175,N67,43,5,AV.,ALFREDO BENAVIDES,REAL EXPRESS,3.6,4
4176,N61,38,6,CA.,JOSE OLAYA,ET. GALILEA EXPRESS,3.5,6
4180,N61,30,5,AV.,ALFREDO BENAVIDES,ESPECIAL SOLIDARIDAD,1.3,1
4181,R15,54,6,AV.,ALFREDO BENAVIDES,RODRIGUEZ LINARES JOSE,2.6,8
4182,U04,57,1,CA.,BELLAVISTA,TRANSPORTES 77 SA.,1.6,0
4183,N24,41,8,CA.,PIURA,ET. SINCHI ROCA,3.4,2
4184,U04,48,10,CA.,BOLOGNESI,RIOS PALOMINO BONIFACIO,2.4,3
4186,U07,48,7,CA.,SAN MARTIN,TRANSPORTES DE MERC. CLEAM,1.5,3
4187,U04,54,7,MLCON.,DE LA MARINA,SECURITY INTERNATIONAL M.,2.0,0
4188,U07,32,11,CA.,INCLAN,SERV. LOGISTICOS PANIAGUA,2.6,1
4189,U04,29,11,CA.,BOLOGNESI,DISTRIBUIDORA PACI SRL.,1.5,1
4190,U07,55,7,AV.,PASEO DE LA REP.,VJ. SAC. CONTRATISTAS,3.9,0
4191,N61,45,11,AV.,PETIT THOUARS,URANO TOURS,3.4,3
4192,U04,53,6,AV.,DIEZ CANSECO,COMERCIALIZADORA CANAN,1.8,8
4193,U11,22,4,AV.,DIEZ CANSECO,DISTRIBUIDORA PACI,1.6,5
4196,N61,45,13,AV.,ANGAMOS OESTE,GRUPO ORION S.A,2.8,3
4197,N01,28,7,AV.,ANGAMOS OESTE,GRUPO ORION S.A,3.8,7
4198,U07,41,5,AV.,CMDTE. ESPINAR,RANSA COMERCIAL SA.,2.0,4
4200,N71,39,1,CA.,CHICLAYO,CILAP,3.1,6
4201,N61,29,13,AV.,JOSE LARCO,ET. SAN SEBASTIAN,2.1,1
4202,U17,51,8,AV.,PASEO DE LA REP.,MANIOBRAS LIFT EIRL,1.2,8
4203,U04,36,4,CA.,GENERAL RECAVARREN,DISTRIBUIDORA PACI,3.8,6
4204,N61,51,8,AV.,ANGAMOS OESTE,TRUSAC,2.1,8
4205,N61,59,3,AV.,ANGAMOS OESTE,ATCR SA.,2.6,0
4206,R15,46,13,AV.,DIEZ CANSECO,QUIQUINLLA VALENZUELA F.,1.8,3
4207,U04,32,9,CA.,ENRIQUE PALACIOS,DISTRIBUIDORA PACI,1.9,1
4211,U07,36,13,AV.,ALFREDO BENAVIDES,MOVING SYSTEMS SAC,2.4,2
4215,R22,36,5,AV.,PASEO DE LA REP.,FRANKLIN ROOSVELT,1.7,6
4219,U11,30,1,CA.,ATAHUALPA,TRANSP. DE MARCANCIAS,1.7,7
4220,N67,57,5,AV.,OSCAR R. BENAVIDES,ETRASCPSA,3.4,0
4221,N05,19,7,AV.,DIEZ CANSECO,HOLREX EXPRESS,3.7,5
4222,N67,39,7,AV.,ANGAMOS OESTE,ET. NUEVO HORIZONTE,3.1,2
4223,U11,50,6,CA.,GENERAL SILVA,PALMANOVA SAC,3.6,8
4224,N71,39,10,AV.,FEDERICO VILLAREAL,ETMIMSA,2.9,2
4225,N33,36,9,AV.,JOSE LARCO,UNIDOS CHAMA,2.6,2
4226,N61,34,8,AV.,PETIT THOUARS,ESPECIAL SOLIDARIDAD,2.4,1
4227,N71,30,4,CA.,CHICLAYO,ET. GRUPLAN SA,3.4,7
4229,N61,30,4,CA.,SCHELL,HOLREX EXPRESS,1.3,7
4230,U04,41,8,CA.,JUAN FANNING,COMERCIALIZADORA CANAN,3.8,2
4232,N61,34,8,AV.,ANGAMOS ESTE,ETRANCISA,2.4,1
4233,N61,49,2,AV.,JOSE LARCO,STAR TOURS,3.9,8
4234,N61,41,10,AV.,OSCAR R. BENAVIDES,TRANSLIMA S.A,2.4,2
4238,U11,38,8,CA.,SAN MARTIN,COMERCIALIZADORA CANAN,2.9,2
4239,N61,18,2,AV.,ANGAMOS OESTE,CILAP,3.6,5
4240,N61,38,10,CA.,CHICLAYO,CILAP,2.5,2
4241,U07,52,10,CA.,JUAN FANNING,HOFERSA SRL.,3.6,3
4242,N61,33,1,AV.,ALFREDO BENAVIDES,HOLREX EXPRESS,3.7,6
4243,U04,26,12,MLCON.,28 DE JULIO,DISTRIBUCIONES ROBASA SAC,3.9,9
4244,N61,49,3,AV.,OSCAR R. BENAVIDES,HOLREX EXPRESS,2.2,8
4245,N44,59,9,AV.,PETIT THOUARS,ET. 25 DE SETIEMBRE,3.7,0
4246,N71,54,8,AV.,ANGAMOS OESTE,ET. ANGAMOS,3.3,0
4247,U07,47,4,CA.,BOLOGNESI,INVERSIONES CADENAS JI,2.6,4
4250,U07,27,7,AV.,JORGE CHAVEZ,EXPRESS TRANSPORTS S.A,2.1,7
4251,N61,49,9,AV.,SANTA CRUZ,ET. GRUPLAN SA,2.9,3
4252,U04,47,7,CA.,JUAN FANNING,TRANSPORTES RKM,1.7,3
4253,U11,49,5,MLCON.,DE LA MARINA,DRYWALL COMPANY SAC,3.9,8
4254,U04,37,10,CA.,GRIMALDO DEL SOLAR,DISTRIBUIDORA PACI,2.8,2
4255,U11,42,11,CA.,JUAN FANNING,DISTRIBUIDORA PACI SRL,2.7,2
4256,N61,53,5,AV.,OSCAR R. BENAVIDES,ETRANCISA,1.9,8
4257,N61,28,10,AV.,JOSE PARDO,TRANSNASA,1.5,1
4258,N61,34,7,CA.,SCHELL,HOLREX EXPRESS,4.0,6
4262,U07,21,4,AV.,CMDTE. ESPINAR,TRANSPORTES F. CORRALES,3.6,5
4263,N71,25,7,CA.,CORONEL INCLAN,ETERSAC,2.4,7
4268,N71,38,8,CA.,CHICLAYO,HOLREX EXPRESS,1.6,2
4270,N71,46,10,AV.,CMDTE. ESPINAR,ET. SANTA CATALINA,2.1,3
4272,N71,40,9,CA.,CHICLAYO,CILAP,2.4,2
4273,U07,55,5,AV.,OSCAR R. BENAVIDES,PRODUCTOS PARAISO DEL PERU,3.8,0
4280,U04,18,11,CA.,ENRIQUE PALACIOS,VALDERRAMA HERMANOS SRL.,3.8,9
4281,N71,54,8,CA.,CHICLAYO,ATCR SA.,2.1,0
4282,U11,29,4,CA.,BELLAVISTA,DISTRIBUIDORA ROBASA SAC.,1.5,7
4283,N61,34,6,AV.,PETIT THOUARS,URANO TOURS,2.5,6
4285,N71,60,1,CA.,CHICLAYO,SEÃ‘ORA DEL SAGRADO CORAZON,3.1,0
4286,N61,38,11,CA.,SCHELL,VIRGEN DE COPACABANA,2.0,2
4287,R12,57,3,AV.,DIEZ CANSECO,ET. MOLITOURS,3.8,0
4288,N61,36,5,AV.,ANGAMOS OESTE,ETRASCPSA,1.4,6
4290,R15,45,5,AV.,DIEZ CANSECO,EMP. JID TRANSP.,1.5,4
4291,N61,52,9,AV.,GENERAL CORDOVA,ET. ANGAMOS,3.3,8
4292,N01,25,9,AV.,DIEZ CANSECO,GRUPO ORION S.A,3.5,9
4297,N61,55,11,CA.,CHICLAYO,CILAP,3.7,0
4298,N71,34,9,CA.,CHICLAYO,ETERSAC,3.6,1
4299,N61,53,6,CA.,SCHELL,HOLREX EXPRESS,2.0,8
4300,N61,47,4,AV.,PETIT THOUARS,URANO TOURS,3.7,4
4301,N71,29,9,CA.,SCHELL,ET. CORRECAMINO,1.2,1
4302,N24,59,7,CA.,GENERAL SUAREZ,ESPECIAL SOLIDARIDAD,1.3,0
4303,N61,54,1,AV.,DIEZ CANSECO,ESPECIAL SOLIDARIDAD,3.4,8
4304,R15,58,6,AV.,JOSE PARDO,TAXI NUEVO SAN JUAN,1.3,0
4305,N61,52,7,CA.,SCHELL,URANO TOURS,3.4,8
4307,R15,57,5,AV.,SANTA CRUZ,LEMA GADEA CARLOS E.,3.4,0
4308,R15,56,10,AV.,SANTA CRUZ,LEMA GADEA CARLOS E.,3.1,0
4309,U10,19,11,AV.,OSCAR R. BENAVIDES,RANSA COMERCIAL,1.9,9
4310,R15,30,6,AV.,OSCAR R. BENAVIDES,ET. SAN FRANCISCO,2.1,7
4311,U04,21,7,CA.,BERLIN,DISTRIBUCIONES ROBASA SAC,1.8,5
4312,N61,38,10,AV.,ANGAMOS OESTE,ETMIMSA,2.8,2
4313,N61,54,8,AV.,ANGAMOS OESTE,ETMIMSA,3.4,8
4315,U11,49,12,CA.,JOSE SABOGAL,ALARCON OYARAWA C.,2.7,3
4318,U11,42,10,CA.,JOSE SABOGAL,AGENCIA ADUANAS,3.4,2
4319,U07,19,8,CA.,PORTA,TRANSP. Y SERV. CARGA,3.2,5
4320,U07,48,11,CA.,TORIBIO PACHECO,N&S LOGISTICA SAC,2.8,3
4321,R12,47,3,CA.,CORONEL INCLAN,VISION Y VANGUARDIA SAC,3.1,4
4322,N71,51,6,CA.,CHICLAYO,CILAP,2.8,8
4324,U04,42,8,AV.,OSCAR R. BENAVIDES,TRANSPORTES 77 SA.,3.3,2
4326,R12,21,10,AV.,RICARDO PALMA,ET. Y MULT. JUNIORS SA.,1.7,9
4327,N33,51,12,CA.,CORONEL INCLAN,ATCR SA.,2.0,3
4328,N61,51,4,AV.,ALFREDO BENAVIDES,HOLREX EXPRESS,3.2,8
4329,N34,57,9,AV.,ALFREDO BENAVIDES,ETRASCPSA,3.5,0
4330,N40,30,4,AV.,ANGAMOS OESTE,ET. ETFOCAN SA.,3.2,7
4332,N71,21,4,AV.,ANGAMOS OESTE,ATCR SA.,3.8,5
4333,N67,20,8,AV.,ANGAMOS OESTE,ETUSA,3.9,5
4334,N61,28,5,AV.,ALFREDO BENAVIDES,REAL EXPRESS,3.7,7
4335,U07,45,4,CA.,JUAN FANNING,ANDY EXPORT SAC.,2.8,4
4337,U17,44,13,CA.,MANUEL TOVAR,DE LA CRUZ VELASQUEZ J.,3.4,3
4339,N71,29,3,CA.,CHICLAYO,ATCR SA.,3.5,7
4340,R15,49,5,AV.,OSCAR R. BENAVIDES,DAI-ICHI MORORS SA.,2.5,8
4341,U04,54,11,AV.,RICARDO PALMA,DISTRIBUCIONES ROBASA SAC,2.3,0
4342,R15,56,11,AV.,OSCAR R. BENAVIDES,ET. SVICO LATINO,3.0,0
4344,U07,33,11,CA.,JOSE OLAYA,TRANSP. J&L SRL,1.9,1
4345,N67,56,7,AV.,OSCAR R. BENAVIDES,ETRASCPSA,1.4,0
4346,N61,34,7,AV.,OSCAR R. BENAVIDES,ETRASCPSA,3.7,6
4350,N61,27,8,AV.,ALFREDO BENAVIDES,HOLDING REAL EXPRESS,2.6,7
4351,R22,22,6,AV.,PASEO DE LA REP.,MULTISERVICIOS Y NEG.SVICO,1.7,5
4358,R12,26,6,AV.,JOSE PARDO,ET DE TAXIS,1.3,7
4360,N67,52,9,AV.,ANGAMOS OESTE,UNIDOS DOCE DE DICIEMBRE,3.8,8
4361,U04,49,6,AV.,DIEZ CANSECO,DISTRIBUIDORA PACI,2.6,8
4364,U07,35,5,CA.,TORRETAGLE,COMERCIALIZADORA CANAN,3.7,6
4365,R15,58,3,AV.,OSCAR R. BENAVIDES,ET. INVERSIONES PARA TURISMO SRL.,2.7,0
4366,U04,31,8,CA.,PORTA,IMPORTADORA TECNICA COMERCIAL SA.,1.5,1
4367,U07,42,7,CA.,ENRIQUE PALACIOS,TRANSPORTES 77,2.7,4
4368,U07,48,4,CA.,BOLOGNESI,SAN FERNANDO S.A,1.5,8
4369,N34,18,4,CA.,BOLOGNESI,ETUSA,2.2,5
4370,U04,52,10,CA.,PIURA,DISTRIBUIDORA PACI,3.3,3
4371,R19,46,6,AV.,RICARDO PALMA,ET. JQJ TOURS SAC,1.6,4
4372,U07,37,3,AV.,CMDTE. ESPINAR,QUISPETITO PALOMINO EMILIANO,1.3,6
4373,N61,23,2,AV.,PETIT THOUARS,ESPECIAL SOLIDARIDAD,3.7,5
4374,N61,23,10,AV.,JOSE PARDO,ESPECIAL SOLIDARIDAD,3.1,9
4376,U07,44,6,CA.,07 DE JUNIO,J&V TRANSPORTISTAS GRLS,3.6,4
4377,U04,41,6,AV.,PETIT THOUARS,TRANSP. PLATINIUM,3.1,4
4380,R12,44,9,CA.,BERLIN,ET. MOLITOURS,2.0,3
4381,U07,22,8,CA.,07 DE JUNIO,CONSORCIO PCC INVERSIONES,3.4,9
4385,N61,56,7,CA.,ATAHUALPA,URANO TOURS,2.6,0
4390,N61,23,9,AV.,ANGAMOS OESTE,ET. GRUPLAN SA,2.4,9
4391,U07,24,12,AV.,OSCAR R. BENAVIDES,OPERADOR LOG. PUCHOC,2.6,9
4394,N71,48,7,CA.,CHICLAYO,ETERSAC,2.3,3
4396,N34,33,11,AV.,JOSE PARDO,ETRASCPSA,1.3,1
4397,N01,44,11,AV.,DIEZ CANSECO,ET. SAN SEBASTIAN,4.0,3
4401,N61,48,8,AV.,OSCAR R. BENAVIDES,TRANSLIMA S.A,3.7,3
4402,N61,36,5,AV.,OSCAR R. BENAVIDES,TRANSLIMA S.A,3.3,6
4404,U04,58,9,AV.,DIEZ CANSECO,COMERCIALIZADORA CANAN,3.3,0
4405,N61,49,6,AV.,OSCAR R. BENAVIDES,VIRGEN DE COPACABANA,3.2,8
4406,N61,35,6,AV.,PASEO DE LA REP.,HOLREX EXPRESS,1.2,6
4407,N61,37,7,AV.,PASEO DE LA REP.,HOLREX EXPRESS,1.2,6
4408,U07,30,4,AV.,DIEZ CANSECO,DISTRIBUIDORA PACI,2.6,7
4409,N05,54,10,AV.,JOSE PARDO,VIRGEN DE COPACABANA,1.6,0
4411,N61,53,7,AV.,ANGAMOS OESTE,GRUPO ORION S.A,3.9,8
4412,N61,41,11,AV.,ANGAMOS OESTE,GRUPO ORION S.A,1.3,2
4413,N61,47,7,AV.,ANGAMOS OESTE,GRUPO ORION S.A,2.8,3
4414,N01,30,9,AV.,ANGAMOS OESTE,GRUPO ORION S.A,3.6,1
4415,N01,28,11,CA.,DOS DE MAYO,GRUPO ORION S.A,2.6,1
4416,N01,39,8,AV.,DIEZ CANSECO,GRUPO ORION S.A,3.6,2
4417,N01,52,6,AV.,PETIT THOUARS,GRUPO ORION S.A,2.3,8
4418,U11,45,8,CA.,ATAHUALPA,SANTIAGO LORENZO CELSO,2.2,3
4421,R15,22,7,AV.,OSCAR R. BENAVIDES,CURI VALVERDE JAVIER,2.8,5
4422,U07,40,6,AV.,DEL EJERCITO,CAYO QUISPE SANTOS,2.8,2
4423,U04,42,9,CA.,BELLAVISTA,DISTRIBUCIONES ROBASA SAC,1.9,2
4424,U07,51,9,AV.,PETIT THOUARS,DISTRIBUCIONES ROBASA SAC,3.3,3
4425,U04,34,8,CA.,BELLAVISTA,TRANSP. 77 S.A,2.3,1
4426,R15,37,4,MLCON.,DE LA RESERVA,GLOBAL FAST SAC,1.9,6
4430,U04,42,7,CA.,GENERAL RECAVARREN,DISTRIBUIDORA PACI,3.2,4
4431,N61,60,6,CA.,ATAHUALPA,CILAP,2.6,0
4433,N67,42,5,AV.,ANGAMOS OESTE,ET. ANGAMOS,2.9,4
4434,U04,49,8,CA.,BERLIN,COMERCIALIZADORA CANAN,2.5,3
4435,U07,50,6,CA.,ATAHUALPA,COMERCIALIZADORA CANAN,2.4,8
4436,N61,36,5,AV.,ALFREDO BENAVIDES,HOLDING REAL EXPRESS,2.2,6
4437,U07,51,5,CA.,MENDIBURU,J&V TRANSPORTES ERLS,3.7,8
4439,U07,19,5,CA.,BOLIVAR,INV. MACSIGAL SAC,1.6,5
4440,R12,47,7,AV.,OSCAR R. BENAVIDES,MOLITOURS EIRL,3.6,3
4441,R12,20,8,MLCON.,BALTA,ET. MOLITOURS EIRL,2.6,5
4442,U07,26,7,AV.,GRAU,TRANSP. SERNA ALTAMIRANO S.R.L,1.8,7
4444,R08,19,11,AV.,PASEO DE LA REP.,E.T. TURISTICOS Y MULT.,1.6,9
4445,R15,18,3,AV.,JOSE PARDO,TAXI TURISM. Y MULT. JUNIORÂ´S,2.2,5
4447,N61,36,4,AV.,PETIT THOUARS,URANO TOURS,2.2,6
4448,N61,48,5,CA.,ATAHUALPA,HOLREX EXPRESS,2.7,8
4449,N61,40,8,AV.,ANGAMOS OESTE,CILAP,2.8,2
4451,U04,53,4,CA.,BERLIN,TRANSPORTES 77,3.4,8
4456,U04,41,7,CA.,SCHELL,SERV. TRANSP. SRL,2.2,2
4458,U04,31,8,CA.,SAN MARTIN,MATOS PEREZ JOSE JORGE,3.8,1
4459,N34,23,11,AV.,ALFREDO BENAVIDES,ETRANCISA,2.7,9
4460,R12,58,9,AV.,OSCAR R. BENAVIDES,ET. MOLITOURS,2.2,0
4461,R13,31,6,MLCON.,BALTA,ET. J&J TOURS SAC,3.9,7
4463,N61,47,9,AV.,JOSE LARCO,UNIDOS CHAMA,3.8,3
4465,N67,28,12,AV.,GENERAL CORDOVA,ETMIMSA,2.4,1
4466,R12,32,9,AV.,OSCAR R. BENAVIDES,GLOBAL FAST S.A.C,2.2,1
4467,N01,18,7,AV.,ANGAMOS OESTE,GRUPO ORION S.A,1.2,5
4468,N67,46,13,AV.,ANGAMOS OESTE,ETRANCISA,3.5,3
4469,N67,43,9,AV.,ALFREDO BENAVIDES,HOLREX EXPRESS,2.4,2
4470,U04,28,10,CA.,BELLAVISTA,DISTRIBUIDORA ROBASA SAC.,3.0,1
4471,R19,54,9,AV.,PASEO DE LA REP.,JUY BERENGUEL LUIS,1.5,0
4472,N67,44,11,AV.,PETIT THOUARS,CONSORCIO GRUPO SALAMANCA,2.8,3
4473,N61,27,7,AV.,ALFREDO BENAVIDES,HOLDING REAL EXPRESS,3.2,7
4474,N24,51,9,PSJE.,TELLO,ESPECIAL SOLIDARIDAD,1.8,3
4476,R10,40,2,AV.,OSCAR R. BENAVIDES,RODRIGUEZ RAFAEL DORIS DEL PILAR,2.8,4
4477,R10,27,9,AV.,OSCAR R. BENAVIDES,RODRIGUEZ RAFAEL DORIS DEL PILAR,1.2,7
4478,U03,23,6,MLCON.,CISNEROS,RANSA COMERCIAL,2.7,5
4479,U07,51,5,AV.,PASEO DE LA REP.,RANSA COMERCIAL,2.9,8
4480,R12,31,6,MLCON.,CISNEROS,ET. MULTIPLES GENESIS,2.9,7
4481,U07,46,5,CA.,BERLIN,RANSA COMERCIAL,3.9,4
4482,N61,56,6,CA.,SCHELL,HOLREX EXPRESS,2.8,0
4483,N61,25,9,AV.,JOSE LARCO,URANO TOURS,2.6,9
4485,N61,43,8,AV.,PASEO DE LA REP.,ESPECIAL SOLIDARIDAD,3.7,4
4488,N50,51,8,AV.,ANGAMOS ESTE,ETRASCPSA,2.3,8
4489,U11,36,4,AV.,GRAU,COMERCIALIZADORA CANAN,2.5,6
4490,N24,53,8,AV.,PETIT THOUARS,URANO TOURS,3.5,0
4494,U07,31,10,MLCON.,BALTA,VILLANUEVA LUCERO P.,2.7,1
4495,U07,33,8,CA.,BELLAVISTA,SLPRO SAC,3.6,1
4497,N67,49,6,AV.,JOSE PARDO,AQUARIUS SAC,3.7,8
4498,U04,34,9,CA.,BELLAVISTA,TRANSPORTES 77,2.1,1
4499,U07,23,5,CA.,BOLOGNESI,TRANSPORTES 77,1.8,5
4500,U07,52,6,AV.,PETIT THOUARS,JIREM LOGISTIC,1.2,8
4502,N61,46,6,AV.,ALFREDO BENAVIDES,E.T. SAN ANTONIO S.A,2.5,3
4503,U07,38,7,AV.,GENERAL CORDOVA,CONCREMAX S.A,3.0,2
4505,U04,46,6,CA.,JOSE GALVEZ,SERV. LOG. PANIAGUA,3.1,4
4506,U07,46,8,AV.,GRAU,TRANSPORTES 77 S.A,3.2,3
4507,U07,57,1,AV.,ANGAMOS OESTE,MALDONADOS SERVICIOS,3.0,0
4509,U04,50,8,CA.,PIURA,DISTRIBUIDORA PACI,3.5,3
4510,R19,29,7,AV.,OSCAR R. BENAVIDES,PIZARRO SARABIA ALSIDES,3.8,7
4511,R19,41,7,AV.,OSCAR R. BENAVIDES,PIZARRO SARABIA ALSIDES,2.7,2
4513,N34,47,3,AV.,ALFREDO BENAVIDES,ETRANCISA,1.4,8
4514,R15,50,6,AV.,CMDTE. ESPINAR,HUAMAN MENDOZA M.,3.5,8
4515,U07,18,8,CA.,BOLOGNESI,GOLOSINAS Y PERFUMERIAS UNION,2.6,5
4517,U07,26,12,CA.,BERLIN,RAMIREZ VEGA VIDAL,1.4,9
4518,U07,28,7,CA.,BOLOGNESI,RANSA COMERCIAL S.A,2.5,7
4519,N61,28,6,AV.,ANGAMOS ESTE,ET GRUPO DIEZ SAC,2.6,7
4520,N61,37,3,AV.,ANGAMOS ESTE,ET GRUPO DIEZ SAC,2.7,6
4521,R15,50,8,AV.,OSCAR R. BENAVIDES,TAXI NUEVO SAN JUAN,3.5,3
4522,R12,30,10,AV.,GRAU,ET. Y SERV. M. MOBY D.,1.8,1
4523,R12,24,3,AV.,GRAU,ET. Y SERV. M. MOBY D.,2.6,5
4526,U07,23,9,CA.,BOLOGNESI,COORP. T. CARLEY S.A.C,4.0,9
4527,U07,57,7,CA.,BOLOGNESI,PANIFICADORA BIMBO,2.3,0
4529,U07,50,6,CA.,SAN IGNACIO DE LOYOLA,SUPERMAQ SAC,3.9,8
4530,R15,32,10,AV.,DIEZ CANSECO,BAZAN VASQUEZ VICTOR M.,2.7,1
4531,N61,38,8,AV.,ALFREDO BENAVIDES,REAL EXPRESS,2.3,2
4532,R15,46,8,AV.,JOSE PARDO,TORRES HINOSTROZA,2.2,3
4534,U07,33,10,AV.,PASEO DE LA REP.,SAGASTEGUI DISTRIBUIDORES,3.2,1
4535,U04,39,6,CA.,BELLAVISTA,DISTRIBUCIONES ROBASA SAC,2.4,2
4536,U04,57,6,CA.,BELLAVISTA,DISTRIBUCIONES ROBASA SAC,3.7,0
4537,U04,39,8,CA.,ENRIQUE PALACIOS,DISTRIBUCIONES ROBASA SAC,2.8,2
4538,U04,54,7,CA.,BERLIN,DISTRIBUCIONES ROBASA SAC,1.3,0
4539,U04,46,6,CA.,SAN MARTIN,DISTRIBUCIONES ROBASA SAC,3.9,4
4540,U11,35,4,CA.,BELLAVISTA,DISTRIBUCIONES ROBASA SAC,3.5,6
4541,U04,54,10,CA.,BERLIN,DISTRIBUCIONES ROBASA SAC,3.0,0
4543,R12,55,10,AV.,DIEZ CANSECO,J&J TOURS,1.5,0
4544,U04,54,4,CA.,BERLIN,DISTRIBUCIONES ROBASA SAC,2.7,8
4545,U04,28,13,AV.,JOAQUIN CAPELO,DISTRIBUCIONES ROBASA SAC,3.6,1
4546,U04,32,6,CA.,BERLIN,DISTRIBUCIONES ROBASA SAC,1.9,1
4547,U04,26,12,CA.,LOS PINOS,DISTRIBUCIONES ROBASA SAC,2.0,9
4548,U04,52,5,CA.,PORTA,DISTRIBUCIONES ROBASA SAC,3.9,8
4549,U07,57,6,AV.,PASEO DE LA REP.,DISTRIBUCIONES ROBASA SAC,4.0,0
4552,R12,43,9,AV.,DIEZ CANSECO,COORP. METROMOVIL,3.4,2
4553,N61,50,11,AV.,ALFREDO BENAVIDES,ETRASCPSA,2.5,3
4556,U07,56,8,CA.,GARCIA CALDERON,TRANSP. LEI S.A,3.8,0
4557,R05,56,3,AV.,AREQUIPA,TAXI NUEVO SAN JUAN,3.6,0
4558,N61,44,10,CA.,JOSE OLAYA,ESPECIAL SOLIDARIDAD,2.7,3
4559,N61,25,4,CA.,JOSE OLAYA,ESPECIAL SOLIDARIDAD,2.0,7
4560,U04,30,10,CA.,SAN MARTIN,DURAND PALOMINO ELIZABETH,3.2,1
4562,N61,52,7,CA.,JOSE OLAYA,URANO TOURS,3.3,8
4564,U04,59,4,CA.,PORTA,SILVA GOMEZ VILDER,1.5,0
4566,U04,37,7,CA.,BERLIN,DISTRIBUCIONES ROBASA SAC,3.2,2
4567,U07,55,3,CA.,ENRIQUE PALACIOS,J Y L SERVICIOS,2.7,8
4568,N67,44,5,AV.,JOSE PARDO,TRANSNASA,3.3,4
4569,U07,50,8,CA.,ENRIQUE PALACIOS,PEREZ OSORIO WILLIAN R.,1.9,3
4570,U07,33,7,CA.,GARCIA CALDERON,RUIZ NIÃ‘O DE TAVARA,3.7,1
4571,U07,25,10,AV.,OSCAR R. BENAVIDES,TRANSPORTES 77 S.A,1.9,9
4572,U11,19,6,CA.,LOS PINOS,DISTRIBUIDORA PACI,2.9,5
4573,U04,44,8,CA.,GENERAL SUAREZ,DISTRIBUIDORA PACI,4.0,4
4574,U07,39,3,AV.,ALFREDO BENAVIDES,ET PABLO EIRL,1.6,6
4575,U04,43,10,CA.,COLON,LELY SPECIAL CORPORATION,2.7,2
4578,U07,55,10,CA.,ENRIQUE PALACIOS,MONTEROSA S.A.C,1.3,0
4579,U07,19,10,CA.,INDEPENDENCIA,TRANSP. SALAZAR,1.5,9
4580,U07,45,6,CA.,ATAHUALPA,ABC REYES SAC,2.5,4
4582,U11,20,9,CA.,GARCIA CALDERON,ESPECIALISTA EMPRESARIAL,3.5,9
4584,U11,30,9,CA.,DOMINGO ELIAS,LELY ESPECIAL COORPORACION,3.0,1
4586,N61,25,10,AV.,ALFREDO BENAVIDES,HOLREX EXPRESS,3.6,9
4587,U11,25,4,CA.,DOMINGO ELIAS,GOMEZ VILLANUEVA HUGO C.,3.1,7
4588,U04,53,8,CA.,BERLIN,TRANSPORTES 77,3.6,8
4589,U07,46,6,CA.,BOLOGNESI,CORPORACION DE TRANSPORTES,1.5,4
4590,U07,26,6,CA.,INDEPENDENCIA,L&B TRANSP. SAC,2.1,7
4591,R15,49,11,AV.,OSCAR R. BENAVIDES,E.T. VIRGEN DE COPACABANA,4.0,3
4592,U11,56,4,CA.,INDEPENDENCIA,FARFAN GOMEZ ANGELICA,1.4,0
4594,U11,43,5,CA.,INDEPENDENCIA,FARFAN GOMEZ ANGELICA,3.6,4
4598,R15,52,4,CA.,BERLIN,CRIS MOTORÂ´S IMPORT,3.8,8
4599,N61,60,11,AV.,ALFREDO BENAVIDES,ETRANCISA,3.1,0
4600,N61,43,2,CA.,SCHELL,ETRANCISA,1.7,4
4601,U07,49,4,AV.,ROCA Y BOLOÃ‘A,DISTRIBUIDORA ROBASA SAC.,2.3,8
4602,N71,21,7,CA.,ATAHUALPA,ET. NASSAC,3.9,5
4603,N71,26,5,CA.,ATAHUALPA,ET. NASSAC,1.9,7
4606,U11,20,7,CA.,MONTERO,TANGERINE PERU SAC,3.0,5
4608,N01,37,4,AV.,JOSE LARCO,GRUPO ORION S.A,2.7,6
4611,N61,36,10,AV.,ALFREDO BENAVIDES,HOLREX EXPRESS,3.3,1
4612,U07,58,7,CA.,BELLAVISTA,ETRASGEM SAC,1.6,0
4613,N61,25,9,AV.,ALFREDO BENAVIDES,HOLREX EXPRESS,3.3,9
4614,U07,43,2,CA.,BOLOGNESI,TRANSP. PERALTA E HIJOS,2.9,4
4618,N61,55,5,AV.,JOSE PARDO,URANO TOURS,2.5,8
4619,R15,42,3,CA.,SCHELL,A&JUNIOR SAC,4.0,4
4620,R15,39,6,AV.,AREQUIPA,A&JUNIOR SAC,3.0,2
4621,U04,38,8,CA.,BELLAVISTA,TRANSPORTES 77 S.A,3.1,2
4622,U04,25,6,CA.,BELLAVISTA,TRANSPORTES 77 S.A,3.6,7
4624,U07,45,10,CA.,MONTERO,VIGO RABANAL ALINGOR A.,4.0,3
4625,U11,36,5,CA.,BELLAVISTA,TRANSPORTES 77 S.A,3.8,6
4626,U04,56,7,AV.,PETIT THOUARS,TRANSP. 77,1.6,0
4627,U04,55,11,CA.,BELLAVISTA,TRANSPORTES 77 S.A,2.8,0
4628,U04,51,4,CA.,ARISTIDES ALJOVIN,TRANSP. Y SERV. CARGA,1.9,8
4629,N61,50,5,AV.,PETIT THOUARS,ET. RAMIRO PRIALE P.,2.3,8
4632,U07,52,6,OV.,GUTIERREZ,TRANSPORTES RKM,1.8,8
4634,U04,28,7,CA.,FRANCIA,DISTRIBUIDORA PACI,2.3,7
4638,R15,24,5,AV.,ANGAMOS OESTE,ESPINOZA R. CHUQUE C.E,2.2,5
4640,R23,52,10,AV.,ALFREDO BENAVIDES,ARAUJO ROJAS AUGUSTO,2.4,3
4641,R15,51,7,AV.,JOSE PARDO,TAXI GOOD SAC,1.4,8
4643,N44,38,3,CA.,CORONEL INCLAN,ETERSAC,1.4,6
4644,N61,23,8,CA.,ATAHUALPA,ATCR SA.,3.3,9
4646,N61,46,6,AV.,ANGAMOS ESTE,CORPORACION ALELUYA,1.5,4
4647,U07,51,5,AV.,ALFREDO BENAVIDES,RAYME VILLEGAS MARCO,2.0,8
4648,N61,35,3,AV.,ANGAMOS ESTE,UNIDOS DOCE DE DICIEMBRE,2.1,6
4651,U07,58,6,AV.,RICARDO PALMA,TRANSPORTE QUILLA SAC,2.0,0
4656,R12,52,5,AV.,DIEZ CANSECO,E. MULT. SAN FRANCISCO DE ASIS,1.5,8
4662,N61,24,10,OV.,MIRAFLORES,ETRASCPSA,1.6,9
4663,N61,48,6,AV.,ANGAMOS ESTE,CILAP,2.5,8
4664,N61,60,3,AV.,ANGAMOS OESTE,ATCR SA.,2.3,0
4665,U07,34,7,CA.,BERLIN,DISTRIBUIDORA ROBASA SAC.,1.8,6
4666,U11,31,5,CA.,CANTUARIAS,SAN FERNANDO S.A,3.5,7
4668,U07,58,8,CA.,BELLAVISTA,SAN FERNANDO S.A,2.2,0
4669,R15,47,11,AV.,OSCAR R. BENAVIDES,SANTIAGO ALIPIO SANTOS,2.0,3
4670,R15,20,3,AV.,OSCAR R. BENAVIDES,ET. SOMOS PERUANOS,1.3,5
4671,U07,50,9,CA.,INDEPENDENCIA,TRANSPORTES SALAZAR EIRL,3.7,3
4672,U04,39,11,AV.,PASEO DE LA REP.,DISTRIBUCIONES ROBASA SAC,4.0,2
4673,U04,26,4,CA.,BERLIN,DISTRIBUCIONES ROBASA SAC,4.0,7
4674,U07,32,6,AV.,PASEO DE LA REP.,TRANSPORTES 77,1.3,1
4675,U07,43,3,CA.,SAN MARTIN,TRANSPORTES 77,2.5,4
4676,R15,47,12,AV.,OSCAR R. BENAVIDES,AUTO CRAFT. PERU,1.5,3
4677,U04,29,9,CA.,BELLAVISTA,TRANSPORTES 77 S.A,1.5,1
4679,R15,41,2,AV.,OSCAR R. BENAVIDES,CORDOVA SOTOMAYOR LEONOR,3.3,4
4680,N61,38,9,AV.,OSCAR R. BENAVIDES,ETRASCPSA,2.9,2
4682,U04,41,5,CA.,FRANCISCO DE PAULA CAMINO,DISTRIBUIDORA PACI SRL,3.7,4
4684,N61,49,3,AV.,PETIT THOUARS,ET. RAMIRO PRIALE P.,2.4,8
4686,N61,57,8,CA.,TORIBIO PACHECO,URANO TOURS,1.5,0
4688,N71,54,5,AV.,DIEZ CANSECO,HOLDING REAL EXPRESS,3.1,8
4689,U11,19,6,AV.,DIEZ CANSECO,QUISPE MELGAREJO PORFIRIO,2.5,5
4690,R05,41,8,AV.,PASEO DE LA REP.,FERNANDEZ PADILLA FRANKLIN,3.6,2
4692,U11,35,1,CA.,INDEPENDENCIA,SALAZAR PACHECO LUIS F.,1.7,6
4693,N61,30,8,AV.,ALFREDO BENAVIDES,HOLDING REAL EXPRESS,1.6,1
4695,U07,33,10,CA.,TNT. AUGUSTO G.,MIXERCON SA.,2.7,1
4697,U07,51,10,AV.,ALFREDO BENAVIDES,MOVING SYSTEMS SAC,2.7,3
4698,U07,49,9,CA.,TNT. AUGUSTO G.,CONEREMAX SA.,3.4,3
4700,R15,39,1,MLCON.,BALTA,LOS LIDERES DEL TRANSPORTE,1.3,6
4703,U11,50,7,AV.,PASEO DE LA REP.,TRANSP. DE MARCANCIAS,1.5,8
4704,N61,40,6,AV.,ALFREDO BENAVIDES,VIRGEN DE COPACABANA,1.5,2
4706,U04,31,7,CA.,BELLAVISTA,DISTRIBUIDORA PACI SRL,2.3,1
4707,U04,26,3,CA.,DIEZ CANSECO,DISTRIBUIDORA PACI,3.4,7
4708,U07,43,4,CA.,LOS PINOS,DISTRIBUIDORA PACI,2.6,4
4709,U04,20,9,CA.,LOS PINOS,DISTRIBUIDORA PACI,2.1,9
4710,U07,24,12,CA.,GONZALES PRADA,DISTRIBUIDORA PACI,3.3,9
4711,R18,42,5,AV.,ALFREDO BENAVIDES,ET. 20 DE SETIEMBRE,1.2,4
4713,N61,30,8,AV.,OSCAR R. BENAVIDES,ETRANCISA,2.9,1
4714,N61,45,7,AV.,OSCAR R. BENAVIDES,VIRGEN DE COPACABANA,3.5,4
4715,N01,27,7,CA.,ATAHUALPA,GRUPO ORION S.A,2.2,7
4716,N61,38,6,AV.,OSCAR R. BENAVIDES,HOLREX EXPRESS,3.4,6
4717,U04,23,8,CA.,JOSE TORIBIO POLO,DISTRIBUIDORA PACI,3.3,9
4718,U04,51,6,CA.,GENERAL SUAREZ,DISTRIBUIDORA PACI,3.0,8
4719,U07,48,5,CA.,DOS DE MAYO,DISTRIBUIDORA PACI,2.3,8
4720,U07,46,6,CA.,CORONEL INCLAN,DISTRIBUIDORA PACI,2.2,4
4721,N61,40,8,AV.,DIEZ CANSECO,VIRGEN DE COPACABANA,3.1,2
4722,U07,55,9,CA.,DOS DE MAYO,MANIOBRAS LIFT EIRL,2.6,0
4723,U07,23,3,CA.,LOS PINOS,TECMAN ACEROS S.A,1.5,5
4724,U07,51,6,CA.,SCHELL,PAJUELO CATALAN,1.4,8
4725,U07,28,7,CA.,CORONEL INCLAN,NAJARRO HUAMAN V.,2.2,7
4726,U17,36,13,CA.,CORONEL INCLAN,PALMA NOVA SAC,2.1,2
4727,U17,42,7,CA.,CORONEL INCLAN,MANIOBRAS LIFT EIRL,2.7,4
4728,U04,56,7,CA.,08 DE OCTUBRE,DISTRIBUIDORA PACI,3.3,0
4729,U04,23,13,CA.,JOSE TORIBIO POLO,DISTRIBUIDORA PACI,1.9,9
4730,U07,26,5,CA.,BOLOGNESI,ZAPATA MELENDEZ C,3.4,7
4731,U04,37,2,AV.,ALFREDO LEON,DISTRIBUIDORA PACI,1.8,6
4732,U11,35,5,CA.,BOLOGNESI,DISTRIBUIDORA PACI,1.7,6
4733,U11,51,8,CA.,BOLOGNESI,DISTRIBUIDORA PACI,2.8,8
4734,U04,44,4,CA.,BOLOGNESI,DISTRIBUIDORA PACI,2.6,4
4735,U07,33,8,CA.,BOLOGNESI,NUÃ‘EZ FERIL TEOFILO,1.7,1
4736,U07,58,8,AV.,PASEO DE LA REP.,TRANSP. TALAVERA,3.1,0
4737,R15,42,6,MLCON.,DE LA RESERVA,GLOBAL FAST SAC,1.4,4
4739,N40,21,7,AV.,ANGAMOS ESTE,ET. ANGAMOS,3.8,5
4740,U07,46,2,CA.,MARTIR OLAYA,VEND SAC.,2.5,4
4741,U04,33,6,CA.,DOS DE MAYO,RANSA COMERCIAL,3.1,6
4743,U15,43,9,CA.,DIEGO FERRE,PAREDES TOMAIRO ROSA,2.4,2
4744,U07,50,11,CA.,SAN MARTIN,COMERCIALIZADORA CANAN,2.0,3
4745,U04,26,8,CA.,BERLIN,DISTRIBUCIONES ROBASA SAC,3.1,7
4748,U07,36,10,AV.,CMDTE. ESPINAR,SERV. LOGISTICOS P.,2.1,2
4749,N61,58,8,AV.,CMDTE. ESPINAR,UNIDOS CHAMA,1.8,0
4751,U07,27,11,CA.,BELLAVISTA,DISTRIBUIDORA ROBASA SAC.,3.1,9
4752,U04,56,6,MLCON.,BALTA,TRANSP. TURISTICOS,3.7,0
4753,N34,40,5,AV.,GENERAL CORDOVA,ET. ANGAMOS,2.2,4
4754,U04,19,10,CA.,PORTA,COMERCIALIZADORA CANAN,3.6,9
4756,U07,19,4,CA.,ATAHUALPA,GARMA MAURY ELIZABETH,2.0,5
4763,U04,56,1,CA.,GRIMALDO DEL SOLAR,DISTRIBUIDORA PACI,2.2,8
4764,U04,22,5,CA.,BELLAVISTA,DISTRIBUIDORA PACI,3.7,5
4765,U07,59,9,CA.,DOS DE MAYO,UNION DE CONCRETERAS S.A,1.6,0
4766,N61,29,3,CA.,DOS DE MAYO,ESPECIAL SOLIDARIDAD,2.1,7
4767,U04,54,5,AV.,ALFREDO LEON,DISTRIBUIDORA PACI,3.9,8
4769,N01,54,7,AV.,DIEZ CANSECO,GRUPO ORION S.A,2.9,0
4770,N61,20,6,AV.,OSCAR R. BENAVIDES,ESPECIAL SOLIDARIDAD,3.3,5
4771,N61,25,8,AV.,DIEZ CANSECO,ESPECIAL SOLIDARIDAD,3.5,9
4773,N61,30,6,AV.,ALFREDO BENAVIDES,VIRGEN DE COPACABANA,2.2,7
4776,R15,27,4,CA.,SCHELL,MAYTA MAYTA ISMAEL,3.0,7
4779,N71,20,10,CA.,JOSE OLAYA,UNIDOS CHAMA,1.5,9
4782,N40,32,12,AV.,ANGAMOS OESTE,ET. ANGAMOS,1.8,1
4783,U07,51,6,CA.,COLON,TRANSP. TRANSLATINO,2.7,8
4785,R15,40,2,CA.,SCHELL,CASTRO RAMOS JOEL,3.9,4
4786,N40,40,2,AV.,OSCAR R. BENAVIDES,HOLREX EXPRESS,3.1,4
4788,U04,46,6,CA.,BERLIN,DISTRIBUCIONES ROBASA SAC,3.9,4
4789,U04,45,4,CA.,ARICA,SERV. LOG. PANIAGUA,2.8,4
4790,U04,36,8,AV.,JOSE PARDO,TRANSP. RKM,3.2,2
4791,U15,37,6,AV.,ANGAMOS OESTE,JOZAYMA EIRL.,3.7,6
4792,N61,32,8,AV.,PETIT THOUARS,VIRGEN DE COPACABANA,1.4,1
4793,N24,44,6,AV.,PETIT THOUARS,VIRGEN DE COPACABANA,1.5,4
4794,U07,57,7,CA.,JUAN FANNING,TRANSP. RAFYLE,1.4,0
4795,U11,42,7,CA.,BELLAVISTA,TRANSP. RAFYLE,2.3,4
4800,R15,25,5,AV.,DIEZ CANSECO,AMADOR RODRIGUEZ,1.7,7
4802,N61,28,9,AV.,DIEZ CANSECO,URANO TOURS,2.3,1
4803,N61,27,3,AV.,ANGAMOS OESTE,ET. NUEVO HORIZONTE,2.1,7
4809,U04,44,3,AV.,DE LA AVIACION,MARGARITA GASTELU,2.1,4
4810,N61,54,7,AV.,ALFREDO BENAVIDES,REAL EXPRESS,2.7,8
4811,N67,33,5,AV.,OSCAR R. BENAVIDES,HOLDING REAL EXPRESS,3.6,6
4813,N60,51,4,AV.,OSCAR R. BENAVIDES,HOLDING REAL EXPRESS,1.3,8
4814,U04,38,8,CA.,ELIAS AGUIRRE,DISTRIBUCIONES ROBASA SAC,2.0,2
4815,N61,44,11,AV.,ALFREDO BENAVIDES,URANO TOURS,2.5,3
4820,U07,50,6,AV.,ALFREDO BENAVIDES,B.S.C SA,2.8,8
4821,U04,32,13,CA.,LOS PINOS,DISTRIBUIDORA PACI,3.3,1
4822,U04,52,4,CA.,BELLAVISTA,DISTRIBUIDORA PACI,2.1,8
4825,U07,43,8,AV.,PETIT THOUARS,MARTINEZ VASQUEZ HELI M.,1.5,4
4828,N01,51,7,AV.,ANGAMOS OESTE,GRUPO ORION S.A,1.4,8
4829,R22,32,10,AV.,PASEO DE LA REP.,FRANKLIN ROOSVELT,3.0,1
4830,N01,53,2,AV.,ANGAMOS OESTE,GRUPO ORION S.A,1.4,8
4833,N61,35,7,AV.,ANGAMOS OESTE,TRUSAC,4.0,6
4834,R12,30,3,AV.,JOSE PARDO,ET DE TAXIS,1.2,7
4835,N33,52,5,AV.,JOSE LARCO,UNIDOS CHAMA,2.3,8
4836,N61,20,3,AV.,OSCAR R. BENAVIDES,TRANSLIMA S.A,2.8,5
4837,R19,46,7,AV.,PASEO DE LA REP.,JUY BERENGUEL LUIS,2.1,3
4838,U07,47,7,AV.,PASEO DE LA REP.,U. DE CERV. PERUA BACKUSY,2.1,3
4839,U07,53,1,CA.,ATAHUALPA,ABC REYES SAC,3.1,8
4840,R15,31,8,AV.,AREQUIPA,A&JUNIOR SAC,2.5,1
4841,U04,21,4,CA.,BELLAVISTA,TRANSP. 77 S.A,2.5,5
4842,N61,28,7,CA.,ATAHUALPA,HOLREX EXPRESS,3.1,7
4843,U11,20,11,CA.,CANTUARIAS,SAN FERNANDO S.A,1.5,9
4844,N50,54,5,AV.,ANGAMOS ESTE,ETRASCPSA,2.9,8
4846,U04,48,6,CA.,J. TORIBIO POLO,DISTRIBUIDORA PACI,3.8,3
4847,N40,32,2,AV.,ANGAMOS ESTE,ET. ANGAMOS,3.4,6
4848,N67,29,2,AV.,OSCAR R. BENAVIDES,HOLDING REAL EXPRESS,1.7,7
4849,N60,47,8,AV.,OSCAR R. BENAVIDES,HOLDING REAL EXPRESS,1.6,3
4850,R15,49,11,AV.,DIEZ CANSECO,QUIQUINLLA VALENZUELA F.,3.6,3
4852,N61,26,7,AV.,DIEZ CANSECO,ESPECIAL SOLIDARIDAD,2.0,7
4854,N61,22,13,AV.,ANGAMOS ESTE,ETRANCISA,2.2,9
4855,N61,54,10,AV.,ANGAMOS OESTE,ET. LOS ANGELES DEL PERU SA.,1.9,0
4856,N44,25,6,AV.,PETIT THOUARS,ET. 25 DE SETIEMBRE,2.3,7
4857,N61,37,5,AV.,JOSE PARDO,TRANSNASA,3.0,6
4858,N40,59,6,AV.,ANGAMOS OESTE,ET. ETFOCAN SA.,2.1,0
4860,N61,42,6,AV.,OSCAR R. BENAVIDES,VIRGEN DE COPACABANA,1.3,4
4861,R15,28,8,AV.,OSCAR R. BENAVIDES,E.T. VIRGEN DE COPACABANA,2.7,7
4862,N61,40,3,CA.,SCHELL,HOLREX EXPRESS,1.8,4
4864,U07,51,7,AV.,ALFREDO BENAVIDES,MOVING SYSTEMS SAC,4.0,8
4865,N61,22,5,AV.,ANGAMOS OESTE,ETMIMSA,2.3,5
4866,U07,56,6,AV.,JORGE CHAVEZ,EXPRESS TRANSPORTS S.A,2.4,0
4867,N61,51,4,AV.,DIEZ CANSECO,ESPECIAL SOLIDARIDAD,1.9,8
4868,U07,45,5,CA.,TORIBIO PACHECO,N&S LOGISTICA SAC,3.6,4
4869,U07,58,8,CA.,JOSE OLAYA,TRANSP. J&L SRL,2.7,0
4871,N05,59,4,AV.,DIEZ CANSECO,HOLREX EXPRESS,2.0,0
4872,N71,32,11,AV.,FEDERICO VILLAREAL,ETMIMSA,3.3,1
4875,R15,33,11,AV.,COMANDANTE ESPINAR,HUAMAN MENDOZA M.,3.6,1
4876,U11,32,6,CA.,BELLAVISTA,DISTRIBUCIONES ROBASA S.A.C,1.9,1
4877,U07,40,5,AV.,ALFREDO BENAVIDES,ET PABLO EIRL,3.5,2
4879,N05,27,4,AV.,JOSE PARDO,VIRGEN DE COPACABANA,3.9,7
4880,U07,55,10,CA.,BELLAVISTA,ETRASGEM SAC,3.9,0
4881,N61,27,7,CA.,ATAHUALPA,ET. LOS ANGELES DEL PERU SA.,3.7,7
4883,U07,21,7,CA.,BELLAVISTA,SAN FERNANDO S.A,1.9,5
4884,U07,36,9,AV.,ALFREDO BENAVIDES,MOVING SYSTEMS SAC,3.7,2
4885,U07,19,6,CA.,INCLAN,DISTRIBUIDORA PACI SRL,3.2,5
4886,U04,52,9,CA.,08 DE OCTUBRE,DISTRIBUIDORA PACI,2.7,8
4887,N61,48,6,CA.,TORIBIO PACHECO,URANO TOURS,2.0,8
4889,N24,28,9,CA.,GENERAL SUAREZ,ESPECIAL SOLIDARIDAD,3.8,7
4890,U07,23,8,CA.,BOLOGNESI,INVERSIONES CADENAS JI,2.2,9
4891,N61,25,8,AV.,ANGAMOS OESTE,GRUPO ORION S.A,2.4,9
4899,N61,46,13,AV.,PETIT THOUARS,URANO TOURS,3.4,3
4900,U07,34,5,CA.,BERLIN,RANSA COMERCIAL,3.1,6
4902,R15,48,6,AV.,OSCAR R. BENAVIDES,TAXI NUEVO SAN JUAN,1.3,3
4904,U04,58,12,CA.,PORTA,DISTRIBUIDORA ROBASA SAC.,3.5,0
4905,R15,20,9,AV.,ANGAMOS OESTE,ESPINOZA R. CHUQUE C.E,3.9,9
4906,U07,47,9,AV.,ALFREDO BENAVIDES,RAYME VILLEGAS MARCO,3.0,3
4909,N61,36,8,AV.,ANGAMOS OESTE,GRUPO ORION S.A,3.1,6
4911,N01,49,4,AV.,PETIT THOUARS,GRUPO ORION S.A,2.0,8
4915,R22,44,3,AV.,PASEO DE LA REP.,MULTISERVICIOS Y NEG.SVICO,1.5,4
4919,N61,45,7,AV.,OSCAR R. BENAVIDES,ETRANCISA,1.8,4
4921,R08,53,3,AV.,PASEO DE LA REP.,E.T. TURISTICOS Y MULT.,3.9,8
4923,N67,33,14,AV.,ANGAMOS ESTE,ETUSA,2.3,1
4927,R12,25,6,AV.,DIEZ CANSECO,E. MULT. SAN FRANCISCO DE ASIS,3.0,7
4928,R05,31,8,AV.,PASEO DE LA REP.,FERNANDEZ PADILLA FRANKLIN,2.3,1
4929,U04,24,5,CA.,BOLOGNESI,DISTRIBUIDORA PACI,3.3,5
4931,N61,23,6,AV.,OSCAR R. BENAVIDES,ATRASCPSA,2.9,5
4932,U15,38,8,AV.,ANGAMOS OESTE,JOZAYMA EIRL.,2.0,2
4936,U17,29,9,CA.,MANUEL TOVAR,DE LA CRUZ VELASQUEZ J.,2.8,1
4937,N71,37,6,AV.,ANGAMOS OESTE,ET. ANGAMOS,3.7,6
4940,U07,22,9,AV.,PETIT THOUARS,JIREM LOGISTIC,2.9,9
4942,U04,29,8,CA.,LOS PINOS,DISTRIBUCIONES ROBASA,2.4,7
4943,U07,47,9,CA.,ENRIQUE PALACIOS,J Y L SERVICIOS,2.7,3
4945,N24,60,12,AV.,PETIT THOUARS,URANO TOURS,3.7,0
4949,U07,22,10,CA.,JUAN FANNING,HOFERSA SRL.,2.5,9
4950,N01,56,8,AV.,DIEZ CANSECO,GRUPO ORION S.A,3.3,0
4952,N61,58,4,AV.,OSCAR R. BENAVIDES,ESPECIAL SOLIDARIDAD,3.4,0
4953,R15,32,6,AV.,SANTA CRUZ,LEMA GADEA CARLOS E.,2.1,1
4954,R15,53,2,AV.,SANTA CRUZ,LEMA GADEA CARLOS E.,2.6,8
4955,U07,34,6,CA.,JUAN FANNING,ANDY EXPORT SAC.,1.6,6
4958,U04,58,13,CA.,BERLIN,COMERCIALIZADORA CANAN SAC,3.7,0
4959,U07,41,7,CA.,ATAHUALPA,COMERCIALIZADORA CANAN SAC,3.4,2
4960,U07,29,12,AV.,PASEO DE LA REP.,RANSA COMERCIAL,2.3,1
4962,R19,47,8,AV.,OSCAR R. BENAVIDES,PIZARRO SARABIA ALSIDES,3.1,3
4963,R19,39,8,AV.,OSCAR R. BENAVIDES,PIZARRO SARABIA ALSIDES,2.3,2
4964,U04,25,8,CA.,BERLIN,DISTRIBUCIONES ROBASA,1.7,9
4965,U04,59,10,CA.,LOS PINOS,DISTRIBUIDORA PACI SRL .,1.6,0
4966,U07,48,5,CA.,GONZALES PRADA,DISTRIBUIDORA PACI SRL.,3.7,8
4967,U07,26,4,CA.,DOS DE MAYO,DISTRIBUIDORA PACI,3.9,7
4968,U11,45,7,CA.,BOLOGNESI,DISTRIBUIDORA PACI SRL.,2.1,4
4969,U07,43,9,CA.,MARTIR OLAYA,VEND SAC.,2.3,2
4970,U04,53,4,MLCON.,BALTA,TRANSP. TURISTICOS,3.3,8
4971,N61,21,3,CA.,DOS DE MAYO,ESPECIAL SOLIDARIDAD,1.4,5
4972,N40,48,5,AV.,ANGAMOS OESTE,ET. ANGAMOS,3.4,8
4973,N61,20,5,AV.,ANGAMOS OESTE,GRUPO ORION S.A,3.0,5
4974,N61,50,11,AV.,ANGAMOS OESTE,GRUPO ORION S.A,2.6,3
4975,N01,18,6,CA.,DOS DE MAYO,GRUPO ORION S.A,2.3,5
4979,N61,43,3,AV.,SANTA CRUZ,ET GRUPLAN SA,1.8,4
4980,N61,57,8,AV.,PETIT THOUARS,URANO TOURS,1.5,0
4981,N61,23,1,AV.,JOSE LARCO,URANO TOURS,2.7,5
4984,U07,32,6,AV.,COMANDANTE ESPINAR,QUISPETITO PALOMINO EMILIANO,2.9,1
4985,N71,44,12,AV.,COMANDANTE ESPINAR,ET. SANTA CATALINA,1.2,3
4986,R15,44,3,MLCON.,DE LA RESERVA,GLOBAL FAST SAC,2.5,4
4987,U04,21,3,CA.,SCHELL,SERV. TRANSP. SRL,3.4,5
4988,N61,34,7,AV.,PETIT THOUARS,ESPECIAL SOLIDARIDAD,2.7,1
4989,U07,36,7,CA.,BOLOGNESI,GOLOSINAS Y PERFUMERIAS UNION,2.1,6
4990,U07,42,4,CA.,SAN IGNACIO DE LOYOLA,SUPERMAQ SAC,3.7,4
4991,U04,32,9,CA.,BERLIN,DISTRIBUIDORA ROBASA SAC,2.4,1
4992,U04,48,9,AV.,JOAQUIN CAPELO,DISTRIBUCIONES ROBASA S.A.C,2.4,3
4994,U04,59,6,CA.,BELLAVISTA,TRANSP. 77 S.A,2.0,0
4997,U04,51,4,CA.,GENERAL SUAREZ,DISTRIBUIDORA PACI,2.6,8
4998,U04,39,11,CA.,ALFREDO LEON,DISTRIBUIDORA PACI SRL,2.9,2
4999,U11,53,2,CA.,BOLOGNESI,DISTRIBUIDORA PACI SRL,2.3,8
5002,N61,29,3,AV.,ANGAMOS OESTE,ETMIMSA,2.5,7
5003,N61,39,6,AV.,OSCAR R. BENAVIDES,TRANSLIMA S.A,1.6,2
5004,N61,46,7,AV.,OSCAR R. BENAVIDES,TRANSLIMA S.A,4.0,3
5007,N61,57,4,AV.,ANGAMOS OESTE,ATCR,2.5,0
5008,R10,37,6,AV.,OSCAR R. BENAVIDES,RODRIGUEZ RAFAEL DORIS DEL PILAR,1.6,6
5009,R10,54,10,AV.,OSCAR R. BENAVIDES,RODRIGUEZ RAFAEL DORIS DEL PILAR,2.4,0
5010,N61,52,11,AV.,ANGAMOS OESTE,E.T. GRUPLAN S.A,1.6,3
5012,U04,19,9,CA.,BERLIN,DISTRIBUCIONES ROBASA,2.0,9
5013,U07,43,2,CA.,ENRIQUE PALACIOS,MONTEROSA S.A.C,3.6,4
5016,N61,42,5,AV.,GENERAL CORDOVA,ET. ANGAMOS,3.9,4
5017,U07,52,1,CA.,ENRIQUE PALACIOS,PEREZ OSORIO WILLIAN R.,1.3,8
5018,U07,42,6,CA.,BOLOGNESI,TRANSP. PERALTA E HIJOS,2.5,4
5019,U07,30,6,CA.,LOS PINOS,DISTRIBUIDORA PACI SRL,3.7,7
5021,U04,22,8,CA.,ENRIQUE PALACIOS,DISTRIBUCIONES ROBASA SAC,1.7,9
5022,N61,31,9,AV.,PASEO DE LA REP.,HOLREX EXPRESS,3.8,1
5023,N61,54,4,AV.,PASEO DE LA REP.,HOLREX EXPRESS,1.8,8
5025,R15,24,9,AV.,JOSE PARDO,TAXI NUEVO SAN JUAN,3.9,9
5026,U10,40,13,AV.,OSCAR R. BENAVIDES,RANSA COMERCIAL,3.4,2
5027,U07,39,9,AV.,OSCAR R. BENAVIDES,OPERADOR LOG. PUCHOC,2.1,2
5028,R15,43,9,AV.,JOSE PARDO,TAXI TURISM. Y MULT. JUNIORÂ´S,1.6,2
5029,R15,59,11,AV.,JOSE PARDO,TORRES HINOSTROZA,2.9,0
5030,R15,38,6,CA.,BERLIN,CRIS MOTORÂ´S IMPORT,1.6,2
5031,U04,57,8,CA.,BELLAVISTA,DISTRIBUIDORA PACI SRL,3.9,0
5032,U04,35,7,CA.,DIEZ CANSECO,DISTRIBUIDORA PACI,2.3,6
5033,U07,40,9,CA.,DOS DE MAYO,UNION DE CONCRETERAS S.A,1.4,2
5035,N61,36,8,OV.,MIRAFLORES,ETRASCPSA,3.3,6
5038,N61,54,3,AV.,OSCAR R. BENAVIDES,HOLREX EXPRESS,1.6,8
5039,R12,24,7,AV.,OSCAR R. BENAVIDES,GLOBAL FAST S.A.C,3.1,9
5041,U04,19,3,CA.,BELLAVISTA,DISTRIBUCIONES ROBASA,3.4,5
5042,U04,54,10,CA.,COLON,LELY SPECIAL CORPORATION,3.9,0
5043,U04,32,4,CA.,ARISTIDES ALJOVIN,TRANSP. J&L SERV. CARGA N,1.3,6
5044,U07,41,10,OV.,GUTIERREZ,TRANSPORTES RKM,2.3,2
5045,N61,44,9,AV.,PASEO DE LA REP.,ESPECIAL SOLIDARIDAD,2.1,3
5046,N61,34,2,AV.,ALFREDO BENAVIDES,E.T. SAN ANTONIO S.A,3.3,6
5047,N61,26,9,AV.,ALFREDO BENAVIDES,HOLREX EXPRESS,3.4,7
5048,N61,33,7,AV.,JOSE PARDO,HOLDING EXPRESS,2.0,1
5049,N50,40,6,AV.,OSCAR R. BENAVIDES,URANO TOURS SA.,2.6,4
5050,N24,38,5,CA.,JOSE OLAYA,STO. CRISTO DE PACHACAMILLA,2.3,2
5059,N61,24,10,AV.,JOSE PARDO,HOLREX,1.3,9
5062,N01,27,7,AV.,PETIT THOUARS,ESPECIAL SOLIDARIDAD,2.4,7
5069,N44,31,6,AV.,ANGAMOS OESTE,EXPRESS PACHACAMAC,3.9,7
5070,N61,43,11,AV.,ANGAMOS OESTE,GRUPO ORION,2.7,2
5076,N63,23,9,AV.,ALFREDO BENAVIDES,HOLDING EXPRESS,3.1,9
5077,N63,39,10,AV.,ALFREDO BENAVIDES,GRUPO SALAMANCA,3.8,2
5080,N01,59,13,AV.,PETIT THOUARS,25 DE SETIEMBRE,2.3,0
5081,N40,20,2,AV.,OSCAR R. BENAVIDES,ESPECIAL SOLIDARIDAD,2.3,5
5082,N61,39,7,AV.,ALFREDO BENAVIDES,HOLREX,2.4,2
5083,N67,41,9,AV.,MARISCAL OSCAR BENAVIDES,UNIDOS CHAMA,2.2,2
5084,N63,22,3,AV.,ALFREDO BENAVIDES,HOLREX,1.3,5
5085,N61,52,4,AV.,PETIT THOUARS,HOLREX,1.4,8
5086,N63,35,9,AV.,ALFREDO BENAVIDES,ESPECIAL SOLIDARIDAD,2.0,1
5094,N01,39,12,AV.,PETIT THOUARS,25 DE SETIEMBRE,2.4,2
5106,N61,27,5,AV.,ALFREDO BENAVIDES,HOLREX,2.7,7
5107,N24,49,12,AV.,RICARDO PALMA,HOLDING EXPRESS,2.1,3
5118,N24,58,9,CA.,JOSE OLAYA,UNIDOS CHAMA,2.3,0
5119,N61,34,9,AV.,RICARDO PALMA,STAR TOURS,2.5,1
5122,N61,25,11,AV.,ANGAMOS ESTE,CORPORACION ALELUYA,1.2,9
5124,N67,42,8,AV.,ANGAMOS ESTE,CORPORACION ALELUYA,2.7,2
5136,N61,31,10,AV.,ANGAMOS ESTE,STO. CRISTO DE PACHACAMILLA,2.6,1
5144,N61,40,6,AV.,PETIT THOUARS,ESPECIAL SOLIDARIDAD,2.7,4
5155,N24,25,11,AV.,RICARDO PALMA,HOLDING EXPRESS,3.0,9
5167,N61,55,2,AV.,PETIT THOUARS,URANO TOURS SA.,2.2,8
5180,N34,57,5,AV.,GNRAL CORDOVA,EXPRESS PACHACAMAC,2.8,0
5182,N01,59,9,AV.,GNRAL CORDOVA,TRANSPORTES ANGAMOS,1.6,0
5185,N61,57,6,AV.,OSCAR R. BENAVIDES,STO. CRISTO DE PACHACAMILLA,1.4,0
5189,N01,56,7,AV.,GNRAL CORDOVA,MIRAFLORES MONTERRICO,1.3,0
5208,N67,49,4,AV.,PETIT THOUARS,UNIDOS CHAMA,3.1,8
5211,N01,40,12,AV.,GNRAL CORDOVA,MIRAFLORES MONTERRICO,3.1,2
5212,N01,59,7,AV.,GNRAL CORDOVA,MIRAFLORES MONTERRICO,2.0,0
5213,N01,37,5,AV.,GNRAL CORDOVA,TRANSPORTES ANGAMOS,2.1,6
5214,N34,19,8,AV.,ANGAMOS OESTE,EXPRESS PACHACAMAC,1.5,5
5220,N50,29,6,CA.,GNRAL. MENDIBURU,ET. FOCAM SA.,2.1,7
5223,N34,20,4,AV.,OSCAR R. BENAVIDES,HOLREX,1.9,5
5224,N44,41,8,AV.,JOSE PARDO,HOLDING EXPRESS,3.5,2
5231,N50,30,10,AV.,ALFREDO BENAVIDES,HOLREX,2.9,1
5244,N67,57,7,AV.,ANGAMOS OESTE,STO. CRISTO DE PACHACAMILLA,2.3,0
5250,N61,26,10,AV.,PETIT THOUARS,ESPECIAL SOLIDARIDAD,1.3,9
5254,N40,30,6,AV.,GNRAL CORDOVA,MIRAFLORES MONTERRICO,1.8,7
5279,N61,51,10,AV.,OSCAR R. BENAVIDES,UNIDOS CHAMA,1.6,3
5280,N61,34,4,AV.,OSCAR R. BENAVIDES,UNIDOS CHAMA,1.7,6
5283,N24,33,9,AV.,OSCAR R. BENAVIDES,VIRGEN DE COPACABANA,3.0,1
5289,N61,45,8,AV.,OSCAR R. BENAVIDES,VIRGEN DE COPACABANA,3.9,3
5295,N34,32,4,AV.,GNRAL CORDOVA,TRANSPORTES ANGAMOS,1.8,6
5301,N61,56,7,AV.,OSCAR R. BENAVIDES,VIRGEN DE COPACABANA,3.2,0
5304,N50,53,10,AV.,ALFREDO BENAVIDES,HOLREX,1.2,0
5316,N61,39,3,AV.,OSCAR R. BENAVIDES,VIRGEN DE COPACABANA,2.7,6
5322,N67,21,4,AV.,GNRAL CORDOVA,MIRAFLORES MONTERRICO,3.5,5
5323,N61,48,9,AV.,PETIT THOUARS,ESPECIAL SOLIDARIDAD,1.4,3
5325,N67,51,11,CA.,ENRIQUE PALACIOS,HOLDING EXPRESS,3.8,3
5326,N67,50,3,AV.,GNRAL CORDOVA,TRANSP. VENEZUELA S.A,1.4,8
5329,N67,54,3,AV.,JOSE PARDO,CUARENTA INTEGRADA,2.7,8
5342,N24,31,5,AV.,OSCAR R. BENAVIDES,VIRGEN DE COPACABANA,2.9,7
5343,N34,33,5,AV.,ALFREDO BENAVIDES,HOLREX,1.2,6
5344,N61,53,3,AV.,OSCAR R. BENAVIDES,VIRGEN DE COPACABANA,3.6,8
5345,N24,26,5,AV.,JOSE PARDO,VIRGEN DE COPACABANA,1.6,7
5346,N24,24,4,AV.,OSCAR R. BENAVIDES,VIRGEN DE COPACABANA,2.1,7
5358,N01,26,4,AV.,ALFREDO BENAVIDES,VIRGEN DE COPACABANA,2.9,7
5361,N34,41,6,AV.,ALFREDO BENAVIDES,LAS FLORES,3.4,2
5365,N01,45,8,AV.,ALFREDO BENAVIDES,ESPECIAL SOLIDARIDAD,3.8,3
5366,N42,32,5,AV.,ALFREDO BENAVIDES,ESPECIAL SOLIDARIDAD,2.1,1
5373,N61,56,10,AV.,JOSE LARCO,VIRGEN DE COPACABANA,2.7,0
5453,N61,36,7,CA.,MATEO PUMACAHUA,STAR TOURS,3.3,6
5460,N61,52,6,CA.,ELIAS AGUIRRE,ESPECIAL SOLIDARIDAD,1.5,8
5463,N01,30,8,AV.,OSCAR R. BENAVIDES,ESPECIAL SOLIDARIDAD,3.7,1
5468,N24,38,4,AV.,PETIT THOUARS,ESPECIAL SOLIDARIDAD,3.6,6
5482,N61,30,5,AV.,ANGAMOS ESTE,MIRAFLORES MONTERRICO,1.4,7
5500,N61,50,8,AV.,ANGAMOS OESTE,GRUPO ORION,2.2,8
5502,N61,23,7,AV.,PETIT THOUARS,RAPIDO UNIVERSAL,2.4,9
5503,N67,48,11,AV.,ANGAMOS OESTE,CUARENTA INTEGRADA,3.2,3
5508,N61,28,6,AV.,OSCAR R. BENAVIDES,VIRGEN DE COPACABANA,3.8,7
5509,N67,36,5,AV.,CMDTE. ESPINAR,HOLDING EXPRESS,3.4,6
5514,N24,51,4,PSJE.,OLAYA,UNIDOS CHAMA,3.7,8
5526,N61,59,7,AV.,ALFREDO BENAVIDES,ESPECIAL SOLIDARIDAD,1.4,0
5530,N44,32,4,AV.,GNRAL. CORDOVA,MIRAFLORES MONTERRICO,2.7,6
5537,N61,56,11,AV.,ALFREDO BENAVIDES,VIRGEN DE COPACABANA,3.9,0
5538,N61,19,2,AV.,ALFREDO BENAVIDES,VIRGEN DE COPACABANA,2.1,5
5547,N01,44,9,AV.,ALFREDO BENAVIDES,VIRGEN DE COPACABANA,3.5,3
5552,N61,49,13,AV.,OSCAR R. BENAVIDES,ESPECIAL SOLIDARIDAD,2.0,3
5556,N61,28,8,AV.,ANGAMOS OESTE,GRUPO ORION,3.6,7
5557,N61,54,8,AV.,GNRAL. CORDOVA,MIRAFLORES MONTERRICO,2.1,8
5561,N61,44,4,AV.,OSCAR R. BENAVIDES,TRANSLIMA SA.,1.3,4
5566,N01,30,10,CA.,CHICLAYO,GRUPO ORION,3.0,1
5570,N67,42,12,AV.,GNRAL. CORDOVA,MIRAFLORES MONTERRICO,2.2,2
5575,N67,53,7,AV.,GNRAL. CORDOVA,MIRAFLORES MONTERRICO,2.0,8
5576,N01,53,4,AV.,OSCAR R. BENAVIDES,ESPECIAL SOLIDARIDAD,2.9,8
5577,N24,19,13,AV.,ANGAMOS OESTE,ATCR S.A,1.2,9
5578,N24,49,7,AV.,ANGAMOS OESTE,LOS ANGELES DEL PERU SAC.,2.3,3
5587,N24,39,7,AV.,JOSE PARDO,ESPECIAL SOLIDARIDAD,3.8,2
5588,N24,33,4,AV.,JOSE PARDO,VIRGEN DE COPACABANA,2.0,6
5595,N24,30,4,AV.,OSCAR R. BENAVIDES,VIRGEN DE COPACABANA,2.3,7
5598,N61,32,8,AV.,JOSE PARDO,ESPECIAL SOLIDARIDAD,2.8,1
5603,N71,54,5,CA.,ATAHUALPA,HOLREX,3.3,8
5604,N42,25,0,AV.,GNRAL. CORDOVA,MIRAFLORES MONTERRICO,2.8,7
5620,N34,25,7,AV.,OSCAR R. BENAVIDES,UNIDOS CHAMA,3.1,7
5621,N61,29,4,AV.,ANGAMOS ESTE,LOS ANGELES DEL PERU SAC.,4.0,7
5623,N61,44,5,AV.,GNRAL. CORDOVA,TRANSPORTES ANGAMOS,3.0,4
5624,N61,28,11,AV.,ALFREDO BENAVIDES,VIRGEN DE COPACABANA,3.3,1
5626,N71,20,10,CA.,CHICLAYO,ATCR S.A,2.3,9
5636,N61,22,6,AV.,ANGAMOS OESTE,GRUPO ORION,3.6,5
5645,N50,19,10,AV.,GNRAL. CORDOVA,MIRAFLORES MONTERRICO,1.3,9
5646,N24,23,4,AV.,OSCAR R. BENAVIDES,VIRGEN DE COPACABANA,3.1,5
5650,N01,45,4,AV.,CMDTE. ESPINAR,ESPECIAL SOLIDARIDAD,1.9,4
5651,N01,31,8,AV.,JOSE PARDO,EL PROGRESO S.A,1.5,1
5670,N67,38,10,AV.,OSCAR R. BENAVIDES,HOLREX,3.5,2
5674,N01,27,6,AV.,OSCAR R. BENAVIDES,ROMA INTERNACIONAL,3.5,7
5675,N24,60,10,AV.,OSCAR R. BENAVIDES,VIRGEN DE COPACABANA,1.7,0
5678,N61,41,9,AV.,PETIT THOUARS,HOLREX,1.3,2
5680,N42,50,3,AV.,OSCAR R. BENAVIDES,UNIDOS CHAMA,3.6,8
5682,N17,56,6,AV.,OSCAR R. BENAVIDES,HOLDING EXPRESS,3.0,0
5684,N34,18,3,AV.,GNRAL. CORDOVA,MIRAFLORES MONTERRICO,2.0,5
5685,N67,44,5,AV.,GNRAL. CORDOVA,EXPRESS PACHACAMAC,3.4,4
5688,N01,58,7,AV.,OSCAR R. BENAVIDES,ATCR S.A,2.5,0
5689,N61,60,10,AV.,BAJADA BALTA,HOLDING EXPRESS,3.6,0
5694,N24,45,4,AV.,ALFREDO BENAVIDES,VIRGEN DE COPACABANA,2.7,4
5696,N01,43,1,AV.,JOSE LARCO,ESPECIAL SOLIDARIDAD,3.1,4
5710,N61,21,8,AV.,ALFREDO BENAVIDES,LAS FLORES,1.8,5
5716,N67,34,8,AV.,GNRAL. CORDOVA,MIRAFLORES MONTERRICO,4.0,1
5720,N61,22,8,AV.,JOSE LARCO,HOGAR TOURS,2.5,9
5721,N67,54,2,AV.,CMDTE. ESPINAR,TRANSCATEL,2.1,8
5723,N24,52,7,AV.,OSCAR R. BENAVIDES,VIRGEN DE COPACABANA,1.3,8
5724,N61,58,6,AV.,GNRAL. CORDOVA,MIRAFLORES MONTERRICO,1.8,0
5730,N24,35,5,AV.,OSCAR R. BENAVIDES,VIRGEN DE COPACABANA,2.6,6
5745,N24,45,3,PSJE.,OLAYA,UNIDOS CHAMA,1.4,4
5746,N67,59,5,AV.,GNRAL. CORDOVA,TRANSPORTES ANGAMOS,2.8,0
5759,N05,37,10,CA.,JOSE GALVEZ,TRANSPORTES UNIDOS,1.9,2
5760,N34,58,4,AV.,GNRAL. CORDOVA,SAGRADO CORAZON,2.6,0
5761,N24,60,8,AV.,OSCAR R. BENAVIDES,VIRGEN DE COPACABANA,1.8,0
5765,N01,22,5,AV.,GNRAL. CORDOVA,TRANSPORTES ANGAMOS,2.0,5
5767,N34,36,2,AV.,OSCAR R. BENAVIDES,UNIDOS CHAMA,2.9,6
5772,N22,31,3,AV.,ANGAMOS OESTE,GRUPO ORION,2.8,6
5773,N67,40,4,AV.,ANGAMOS ESTE,TRANSPORTES ANGAMOS,2.7,4
5777,N61,37,5,AV.,PETIT THOUARS,TRANSLIMA SA.,1.6,6
5779,N61,28,9,AV.,ANGAMOS OESTE,ATCR S.A,3.8,1
5781,N61,32,13,CA.,BOLOGNESI,TRANSPORTES UNIDOS,1.4,1
5783,N34,55,2,AV.,OSCAR R. BENAVIDES,TRANSLIMA SA.,2.6,8
5785,N24,48,3,AV.,OSCAR R. BENAVIDES,VIRGEN DE COPACABANA,2.8,4
5793,N34,43,6,AV.,OSCAR R. BENAVIDES,UNIDOS CHAMA,1.3,4
5794,N34,59,7,AV.,OSCAR R. BENAVIDES,TRANSLIMA SA.,3.2,0
5796,N67,33,5,AV.,GNRAL. CORDOVA,TRANSPORTES ANGAMOS,1.5,6
5801,N34,34,10,AV.,OSCAR R. BENAVIDES,HOLREX,3.8,1
5808,N61,48,6,PSJE.,OLAYA,UNIDOS CHAMA,1.2,8
5812,N67,38,8,AV.,GNRAL. CORDOVA,MIRAFLORES MONTERRICO,1.4,2
5813,N67,52,5,AV.,GNRAL. CORDOVA,MIRAFLORES MONTERRICO,2.9,8
5822,N01,37,8,AV.,OSCAR R. BENAVIDES,ESPECIAL SOLIDARIDAD,1.4,2
5830,N61,27,9,AV.,OSCAR R. BENAVIDES,HOLDING EXPRESS,1.6,7
5839,N61,41,4,AV.,OSCAR R. BENAVIDES,ESPECIAL SOLIDARIDAD,1.2,4
5842,N01,43,6,AV.,OSCAR R. BENAVIDES,TRANSLIMA SA.,2.6,4
5845,N71,38,8,CA.,CRNEL. INCLAN,LOS ANGELES DEL PERU SAC.,3.2,2
5852,N01,20,6,CA.,HIPOLITO UNANUE,TRANSPORTES ANGAMOS,2.9,5
5853,N01,22,8,AV.,OSCAR R. BENAVIDES,EL PROGRESO S.A,3.2,9
5854,N24,52,1,CA.,ATAHUALPA,URANO TOURS SA.,1.7,8
5855,N24,58,5,CA.,ATAHUALPA,URANO TOURS SA.,2.1,0
5856,N34,51,7,AV.,OSCAR R. BENAVIDES,UNIDOS CHAMA,1.4,8
5863,N34,23,7,AV.,OSCAR R. BENAVIDES,UNIDOS CHAMA,2.0,9
5874,N01,24,5,AV.,ANGAMOS OESTE,TRANSPORTES ANGAMOS,3.0,5
5876,N61,38,6,AV.,OSCAR R. BENAVIDES,UNIDOS CHAMA,3.9,6
5877,N01,28,2,AV.,OSCAR R. BENAVIDES,ESPECIAL SOLIDARIDAD,3.7,7
5879,N71,29,3,CA.,SCHELL,HOLREX,1.5,7
5880,N01,24,8,AV.,OSCAR R. BENAVIDES,ESPECIAL SOLIDARIDAD,1.9,9
5881,N67,35,7,AV.,OSCAR R. BENAVIDES,HOLDING EXPRESS,3.6,6
5882,N67,39,0,AV.,OSCAR R. BENAVIDES,HOLDING EXPRESS,2.3,6
5883,N61,56,7,AV.,OSCAR R. BENAVIDES,VIRGEN DE COPACABANA,3.5,0
5884,N01,43,13,AV.,OSCAR R. BENAVIDES,ROMA INTERNACIONAL,2.6,2
5888,N61,21,3,AV.,OSCAR R. BENAVIDES,TRANSLIMA SA.,2.2,5
5890,N61,44,6,AV.,OSCAR R. BENAVIDES,TRANSLIMA SA.,2.7,4
5891,N01,49,10,AV.,OSCAR R. BENAVIDES,HOLDING EXPRESS,2.5,3
5892,N61,29,5,AV.,OSCAR R. BENAVIDES,UNIDOS CHAMA,3.9,7
5894,N61,24,11,AV.,OSCAR R. BENAVIDES,VIRGEN DE COPACABANA,2.5,9
5903,N61,53,9,AV.,OSCAR R. BENAVIDES,TRANSLIMA SA.,4.0,8
5904,N61,36,6,AV.,OSCAR R. BENAVIDES,HOLREX,3.2,6
5910,N67,29,7,AV.,ANGAMOS ESTE,MIRAFLORES MONTERRICO,2.5,7
5912,N61,41,5,AV.,OSCAR R. BENAVIDES,HOLREX,2.8,4
5913,N34,59,4,AV.,ALFREDO BENAVIDES,HOLDING EXPRESS,1.9,0
5915,N61,54,2,AV.,ANGAMOS OESTE,GRUPO DIEZ SAC.,3.5,8
5920,N33,58,8,CA.,CHICLAYO,LOS ANGELES DEL PERU SAC.,1.6,0
5921,N33,36,7,CA.,CHICLAYO,ATCR S.A,2.4,6
5924,N71,52,8,CA.,SCHELL,HOLREX,2.2,8
5947,N63,25,10,AV.,OSCAR R. BENAVIDES,LAS FLORES,3.2,9
5956,N01,43,13,AV.,OSCAR R. BENAVIDES,HOLDING EXPRESS,3.3,2
5961,N61,42,9,AV.,OSCAR R. BENAVIDES,HOLREX,2.2,2
5962,N71,43,3,CA.,IGNACIO DE LA PUENTE,HOGAR TOURS,2.0,4
5963,N50,35,7,AV.,OSCAR R. BENAVIDES,HOLDING EXPRESS,2.2,6
5964,N61,18,7,AV.,OSCAR R. BENAVIDES,VIRGEN DE COPACABANA,3.5,5
5965,N61,35,8,AV.,ALFREDO BENAVIDES,HOLREX,2.2,1
5966,N34,29,6,AV.,OSCAR R. BENAVIDES,HOLREX,2.0,7
5983,N34,26,8,AV.,BALTA,UNIDOS CHAMA,2.9,7
5984,N67,44,2,AV.,ALFREDO BENAVIDES,HOLDING EXPRESS,3.2,4
5985,N67,51,4,AV.,ALFREDO BENAVIDES,HOLDING EXPRESS,1.6,8
5990,N24,54,5,AV.,PETIT THOUARS,URANO TOURS SA.,3.6,8
5991,N61,49,8,AV.,OSCAR R. BENAVIDES,TRANSLIMA SA.,3.9,3
5994,N61,36,6,AV.,OSCAR R. BENAVIDES,VIRGEN DE COPACABANA,1.3,6
6001,N61,27,8,AV.,OSCAR R. BENAVIDES,VIRGEN DE COPACABANA,1.7,7
6002,N24,24,9,AV.,OSCAR R. BENAVIDES,VIRGEN DE COPACABANA,3.2,9
6004,N67,32,7,AV.,JOSE PARDO,GRUPO ORION,3.1,1
6027,N01,59,9,AV.,JOSE LARCO,ESPECIAL SOLIDARIDAD,1.3,0
6036,N61,48,7,AV.,JOSE LARCO,ROMA INTERNACIONAL,3.5,3
6069,N61,40,5,CA.,SCHELL,HOLREX,1.3,4
6087,R15,51,8,AV.,OSCAR R. BENAVIDES,VIRGEN DE COPACABANA,2.0,8
6115,N24,50,6,AV.,JOSE LARCO,ET. 4 SUYOS S.A,3.6,8
6117,N01,57,7,AV.,JOSE LARCO,ESPECIAL SOLIDARIDAD,1.6,0
6119,N34,39,8,AV.,PETIT THOUARS,HOLDING EXPRESS,2.8,2
6120,N34,51,12,AV.,PETIT THOUARS,HOLDING EXPRESS,3.3,3
6121,N61,51,6,AV.,PETIT THOUARS,URANO TOURS SA.,3.0,8
6122,N24,23,5,AV.,ANGAMOS OESTE,ATCR S.A,2.9,5
6138,N61,56,7,AV.,ANGAMOS ESTE,ATCR S.A,3.8,0
6139,N24,26,3,AV.,ANGAMOS OESTE,ATCR S.A,3.2,7
6143,N24,59,6,AV.,OSCAR R. BENAVIDES,VIRGEN DE COPACABANA,2.4,0
6148,N67,22,4,AV.,ANGAMOS OESTE,STO. CRISTO DE PACHACAMILLA,2.9,5
6150,N61,24,12,AV.,ANGAMOS OESTE,TRUSAC,1.3,9
6158,N40,35,5,AV.,OSCAR R. BENAVIDES,HOLREX,1.3,6
6164,N53,33,4,AV.,ALFREDO BENAVIDES,TRANSCASTEL,1.9,6
6165,N67,28,7,AV.,ALFREDO BENAVIDES,NUEVA AMERICA SA,1.8,7
6166,N61,29,2,CA.,CHICLAYO,ATCR S.A,2.5,7
6167,N67,59,11,AV.,OSCAR R. BENAVIDES,UNIDOS CHAMA,3.6,0
6180,N24,35,7,CA.,DOS DE MAYO,HOLREX,3.5,6
6197,N61,46,3,AV.,OSCAR R. BENAVIDES,VIRGEN DE COPACABANA,1.9,4
6202,N61,32,2,CA.,CRNEL. INCLAN,ATCR S.A,3.3,6
6203,N01,20,7,AV.,OSCAR R. BENAVIDES,ESPECIAL SOLIDARIDAD,3.3,5
6205,N61,20,6,AV.,OSCAR R. BENAVIDES,VIRGEN DE COPACABANA,2.6,5
6206,N24,49,8,AV.,PETIT THOUARS,URANO TOURS SA.,1.9,3
6212,N34,59,12,AV.,ANGAMOS ESTE,NUEVO HORIZONTE,3.6,0
6213,N67,28,3,AV.,ALFREDO BENAVIDES,VIRGEN DE COPACABANA,2.3,7
6214,N01,31,9,AV.,OSCAR R. BENAVIDES,ESPECIAL SOLIDARIDAD,2.1,1
6216,N67,23,8,AV.,ANGAMOS ESTE,LOS ANGELES DEL PERU SAC.,3.7,9
6222,N73,48,9,AV.,ALFREDO BENAVIDES,STO. CRISTO DE PACHACAMILLA,2.2,3
6223,N50,59,4,AV.,ALFREDO BENAVIDES,HOLDING EXPRESS,2.8,0
6227,N01,32,5,AV.,PETIT THOUARS,SAN SEBASTIAN S.A,2.2,6
6229,N53,42,6,AV.,ALFREDO BENAVIDES,UNIDOS CHAMA,3.2,4
6234,N61,46,8,AV.,CASIMIRO ULLOA,HOLDING EXPRESS,3.5,3
6235,N67,27,7,AV.,ALFREDO BENAVIDES,URANO TOURS SA.,3.2,7
6237,N61,19,6,AV.,ALFREDO BENAVIDES,HOLDING EXPRESS,1.4,5
6246,N61,32,11,AV.,JOSE LARCO,ESPECIAL SOLIDARIDAD,1.3,1
6247,N53,29,6,AV.,ALFREDO BENAVIDES,UNIDOS CHAMA,3.4,7
6248,N67,34,8,AV.,ANGAMOS ESTE,LOS ANGELES DEL PERU SAC.,2.4,1
6254,N01,34,5,AV.,OSCAR R. BENAVIDES,ESPECIAL SOLIDARIDAD,3.8,6
6258,N53,35,9,AV.,OSCAR R. BENAVIDES,STO. CRISTO DE PACHACAMILLA,2.7,1
6275,N61,32,6,AV.,OSCAR R. BENAVIDES,TRANSLIMA SA.,2.5,1
6278,N01,18,3,AV.,OSCAR R. BENAVIDES,TRANSLIMA SA.,1.3,5
6282,N67,40,8,CA.,GNRAL. MENDIBURU,MIGUEL GRAU,1.6,2
6287,N24,51,5,AV.,OSCAR R. BENAVIDES,VIRGEN DE COPACABANA,2.7,8
6288,N61,25,6,AV.,ALFREDO BENAVIDES,HOLREX,2.1,7
6292,N01,47,7,AV.,OSCAR R. BENAVIDES,VIRGEN DE COPACABANA,1.8,3
6293,N61,25,6,AV.,ALFREDO BENAVIDES,VIRGEN DE COPACABANA,3.9,7
6298,N24,26,6,AV.,PASEO DE LA REPUBLICA,URANO TOURS SA.,1.6,7
6303,N61,32,11,AV.,OSCAR R. BENAVIDES,HOLREX,2.6,1
6310,N61,39,4,AV.,OSCAR R. BENAVIDES,VIRGEN DE COPACABANA,3.8,6
6311,N61,34,10,AV.,OSCAR R. BENAVIDES,UNIDOS CHAMA,1.8,1
6328,N01,25,8,AV.,OSCAR R. BENAVIDES,ESPECIAL SOLIDARIDAD,2.2,9
6333,N71,48,5,AV.,PASEO DE LA REPUBLICA,25 DE SETIEMBRE,3.7,8
6335,N40,51,4,AV.,OSCAR R. BENAVIDES,ESPECIAL SOLIDARIDAD,1.2,8
6344,N24,50,8,MLCON.,28 DE JULIO,VIRGEN DE COPACABANA,3.2,3
6361,N14,54,5,AV.,OSCAR R. BENAVIDES,ESPECIAL SOLIDARIDAD,3.7,8
6364,N61,31,6,AV.,OSCAR R. BENAVIDES,HOLREX,1.9,1
6368,N61,35,9,AV.,OSCAR R. BENAVIDES,UNIDOS CHAMA,3.1,1
6374,N34,26,8,AV.,OSCAR R. BENAVIDES,URANO TOURS SA.,1.9,7
6379,N01,57,10,AV.,PETIT THOUARS,ESPECIAL SOLIDARIDAD,1.4,0
6391,N01,49,11,AV.,PETIT THOUARS,ESPECIAL SOLIDARIDAD,2.7,3
6393,N67,25,2,AV.,ALFREDO BENAVIDES,CUARENTA INTEGRADA,2.4,7
6394,N34,56,7,AV.,OSCAR R. BENAVIDES,UNIDOS CHAMA,1.6,0
6395,N61,42,12,AV.,ALFREDO BENAVIDES,HOLDING EXPRESS,2.5,2
6402,N61,59,7,AV.,ALFREDO BENAVIDES,VIRGEN DE COPACABANA,4.0,0
6403,N01,45,7,AV.,OSCAR R. BENAVIDES,ESPECIAL SOLIDARIDAD,1.4,3
6406,N61,21,6,CA.,SCHELL,HOLREX,3.4,5
6407,N71,23,10,CA.,ALMTE. MONTERO,TRANSPORTES ANGAMOS,2.3,9
6408,N50,21,7,AV.,ALFREDO BENAVIDES,UNIDOS CHAMA,3.1,5
6418,N63,33,6,AV.,OSCAR R. BENAVIDES,UNIDOS CHAMA,2.9,6
6420,N67,20,7,AV.,PETIT THOUARS,UNIDOS CHAMA,3.1,5
6421,N01,26,9,AV.,PETIT THOUARS,ESPECIAL SOLIDARIDAD,1.9,9
6422,N24,59,8,AV.,OSCAR R. BENAVIDES,ATCR S.A,2.7,0
6423,N24,25,9,AV.,OSCAR R. BENAVIDES,ATCR S.A,1.8,9
6425,N01,21,5,AV.,PETIT THOUARS,ESPECIAL SOLIDARIDAD,2.2,5
6432,N61,44,8,AV.,ALFREDO BENAVIDES,HOLREX,1.9,3
6433,N63,59,4,AV.,OSCAR R. BENAVIDES,GRUPO ORION,2.1,0
6434,N01,33,5,AV.,OSCAR R. BENAVIDES,ESPECIAL SOLIDARIDAD,3.6,6
6435,N24,53,8,CA.,GNRAL. SUAREZ,GRUPO SALAMANCA,2.5,0
6437,N61,37,8,AV.,ALFREDO BENAVIDES,HOLREX,1.4,2
6440,N63,22,4,AV.,OSCAR R. BENAVIDES,HOLDING EXPRESS,2.8,5
6441,N71,25,7,AV.,AREQUIPA,EDILBERTO RAMOS SAC,2.8,7
6442,N61,40,10,AV.,PETIT THOUARS,URANO TOURS SA.,4.0,2
6443,N61,54,8,AV.,ALFREDO BENAVIDES,URANO TOURS SA.,1.4,8
6445,N44,54,8,AV.,OSCAR R. BENAVIDES,ESPECIAL SOLIDARIDAD,2.0,0
6465,N61,35,8,AV.,PETIT THOUARS,ESPECIAL SOLIDARIDAD,3.6,1
6470,N24,50,6,AV.,ALFREDO BENAVIDES,VIRGEN DE COPACABANA,2.2,8
6473,N61,52,9,AV.,PETIT THOUARS,ESPECIAL SOLIDARIDAD,3.3,8
6474,N01,44,6,AV.,OSCAR R. BENAVIDES,ESPECIAL SOLIDARIDAD,1.7,4
6477,N63,45,12,AV.,OSCAR R. BENAVIDES,STO. CRISTO DE PACHACAMILLA,1.6,3
6487,N53,32,11,AV.,ALFREDO BENAVIDES,HOLREX,1.9,1
6488,N53,19,8,AV.,ALFREDO BENAVIDES,CUARENTA INTEGRADA,3.6,5
6498,N24,37,9,AV.,PASEO DE LA REPUBLICA,URANO TOURS SA.,2.7,2
6502,N01,23,5,AV.,OSCAR R. BENAVIDES,ESPECIAL SOLIDARIDAD,3.3,5
6503,N01,45,6,AV.,PETIT THOUARS,RAPIDO MUSA SA.,3.7,4
6507,N67,21,10,AV.,ALFREDO BENAVIDES,GRUPO ORION,2.0,9
6509,N34,31,7,AV.,ALFREDO BENAVIDES,CUARENTA INTEGRADA,3.6,1
6510,N34,34,9,AV.,ALFREDO BENAVIDES,CUARENTA INTEGRADA,2.8,1
6512,N67,41,11,AV.,ALFREDO BENAVIDES,HOLREX,1.9,2
6529,N24,26,6,AV.,PETIT THOUARS,HOLREX,3.3,7
6536,N67,35,8,AV.,ALFREDO BENAVIDES,HOLREX,3.3,1
6539,N34,49,7,AV.,ALFREDO BENAVIDES,URANO TOURS SA.,2.0,8
6540,N61,58,2,AV.,PETIT THOUARS,ESPECIAL SOLIDARIDAD,2.9,0
6542,N67,45,11,AV.,ALFREDO BENAVIDES,STO. CRISTO DE PACHACAMILLA,2.6,3
6550,N67,59,10,AV.,PASEO DE LA REPUBLICA,HOGAR TOURS,2.7,0
6552,N01,23,10,AV.,ALFREDO BENAVIDES,ESPECIAL SOLIDARIDAD,1.9,9
6554,N24,25,7,AV.,PETIT THOUARS,URANO TOURS SA.,2.4,9
6555,N01,36,11,AV.,AREQUIPA,ROMA INTERNACIONAL,2.0,2
6561,N44,48,9,AV.,OSCAR R. BENAVIDES,ETS. SAN ANTONIO,2.5,3
6564,N01,46,10,AV.,PETIT THOUARS,ESPECIAL SOLIDARIDAD,2.6,3
6577,N67,50,5,AV.,ANGAMOS ESTE,EDILBERTO RAMOS SAC,3.5,8
6578,N67,32,10,AV.,ALFREDO BENAVIDES,URANO TOURS SA.,1.8,1
6582,N34,21,3,AV.,ALFREDO BENAVIDES,HOLREX,1.4,5
6583,N61,24,12,AV.,PASEO DE LA REPUBLICA,AQUARIUS SAC,1.7,9
6584,N34,51,8,AV.,ALFREDO BENAVIDES,HOLDING EXPRESS,3.2,8
6585,N61,51,5,AV.,ALFREDO BENAVIDES,VIRGEN DE COPACABANA,2.6,8
6586,N61,54,2,CA.,DOS DE MAYO,ET. JOSE OLAYA,2.3,8
6588,N61,40,8,AV.,OSCAR R. BENAVIDES,VIRGEN DE COPACABANA,2.9,2
6589,N34,42,4,AV.,ALFREDO BENAVIDES,GRUPO ORION,3.4,4
6590,N01,29,3,AV.,ALFREDO BENAVIDES,ESPECIAL SOLIDARIDAD,2.3,7
6598,N34,32,2,AV.,ALFREDO BENAVIDES,HOLDING EXPRESS,1.4,6
6605,N34,53,6,AV.,ALFREDO BENAVIDES,TRANSCATEL,3.8,8
6607,N34,54,10,AV.,ALFREDO BENAVIDES,ESPECIAL SOLIDARIDAD,3.2,0
6613,N61,59,5,AV.,ALFREDO BENAVIDES,HOLREX,1.8,0
6614,N61,36,5,AV.,ALFREDO BENAVIDES,HOLDING EXPRESS,1.9,6
6616,N01,55,8,AV.,ALFREDO BENAVIDES,VIRGEN DE COPACABANA,3.3,0
6620,N24,36,7,AV.,PASEO DE LA REPUBLICA,ESPECIAL SOLIDARIDAD,2.8,2
6622,N61,46,14,AV.,ALFREDO BENAVIDES,HOLREX,3.0,3
6623,N61,20,8,AV.,ALFREDO BENAVIDES,HOGAR TOURS,3.1,5
6626,N61,25,6,AV.,OSCAR R. BENAVIDES,ESPECIAL SOLIDARIDAD,3.8,7
6633,N50,55,7,AV.,RICARDO PALMA,TRANSPORTES VENEZUELA,3.4,0
6636,N63,42,4,AV.,OSCAR R. BENAVIDES,STO. CRISTO DE PACHACAMILLA,2.7,4
6638,N01,28,6,AV.,OSCAR R. BENAVIDES,RAPIDO MUSA SA.,3.1,7
6639,N50,35,11,AV.,ALFREDO BENAVIDES,ESPECIAL SOLIDARIDAD,1.3,1
6640,N34,34,8,AV.,ALFREDO BENAVIDES,HOLREX,3.7,1
6641,N34,18,6,AV.,ALFREDO BENAVIDES,HOLDING EXPRESS,1.8,5
6642,N61,22,12,AV.,OSCAR R. BENAVIDES,ESPECIAL SOLIDARIDAD,3.5,9
6644,N24,55,8,AV.,OSCAR R. BENAVIDES,VIRGEN DE COPACABANA,1.5,0
6646,N63,55,8,AV.,OSCAR R. BENAVIDES,HOLDING EXPRESS,4.0,0
6651,N61,29,2,AV.,ALFREDO BENAVIDES,HOLDING EXPRESS,2.4,7
6653,N61,37,7,AV.,ALFREDO BENAVIDES,VIRGEN DE COPACABANA,1.3,2
6654,N01,57,11,AV.,ALFREDO BENAVIDES,ESPECIAL SOLIDARIDAD,3.8,0
6656,N40,32,6,AV.,ALFREDO BENAVIDES,ESPECIAL SOLIDARIDAD,1.4,1
6666,N61,33,7,AV.,OSCAR R. BENAVIDES,ESPECIAL SOLIDARIDAD,3.4,1
6668,N61,53,8,AV.,OSCAR R. BENAVIDES,URANO TOURS SA.,2.1,8
6670,N61,57,4,AV.,ALFREDO BENAVIDES,HOLREX,1.4,0
6672,N01,52,8,AV.,PASEO DE LA REPUBLICA,ESPECIAL SOLIDARIDAD,2.2,8
6673,N24,44,1,AV.,RICARDO PALMA,URANO TOURS SA.,2.0,4
6675,N67,54,8,AV.,ANGAMOS ESTE,CORPORACION ALELUYA,1.4,0
6676,N67,58,4,AV.,PASEO DE LA REPUBLICA,NUEVA AMERICA SA,1.9,0
6679,N67,20,6,AV.,OSCAR R. BENAVIDES,STO. CRISTO DE PACHACAMILLA,1.2,5
6680,N34,23,9,AV.,PASEO DE LA REPUBLICA,UNIDOS CHAMA,1.7,9
6682,N61,33,8,AV.,ALFREDO BENAVIDES,HOLREX,3.7,1
6684,N24,29,6,AV.,PETIT THOUARS,ESPECIAL SOLIDARIDAD,1.5,7
6695,N61,23,7,AV.,ALFREDO BENAVIDES,GRUPO ORION,1.5,5
6696,N34,40,8,AV.,ALFREDO BENAVIDES,HOLDING EXPRESS,3.4,2
6697,N67,33,9,AV.,ALFREDO BENAVIDES,STO. CRISTO DE PACHACAMILLA,2.2,1
6698,N61,56,7,AV.,ALFREDO BENAVIDES,URANO TOURS SA.,1.5,0
6704,N71,32,3,AV.,PETIT THOUARS,LOS ANGELES DEL PERU SAC.,3.6,6
6705,N34,39,7,AV.,ALFREDO BENAVIDES,VIRGEN DE COPACABANA,1.5,2
6707,N40,49,5,AV.,ANGAMOS ESTE,ET. FOCAM SA.,1.9,8
6709,N34,26,6,AV.,ALFREDO BENAVIDES,GRUPO ORION,3.4,7
6710,N50,38,10,AV.,ALFREDO BENAVIDES,CUARENTA INTEGRADA,3.8,2
6721,N24,19,10,AV.,ANGAMOS OESTE,LOS ANGELES DEL PERU SAC.,1.5,9
6731,N24,32,8,AV.,OSCAR R. BENAVIDES,VIRGEN DE COPACABANA,3.2,1
6733,N24,24,4,AV.,OSCAR R. BENAVIDES,VIRGEN DE COPACABANA,1.6,7
6734,N44,21,5,AV.,OSCAR R. BENAVIDES,ESPECIAL SOLIDARIDAD,2.3,5
6735,N50,38,5,AV.,ALFREDO BENAVIDES,STO. CRISTO DE PACHACAMILLA,1.2,6
6736,N40,45,11,AV.,ALFREDO BENAVIDES,ESPECIAL SOLIDARIDAD,3.5,3
6747,N40,56,3,AV.,ALFREDO BENAVIDES,ESPECIAL SOLIDARIDAD,2.7,0
6749,N67,48,3,AV.,ALFREDO BENAVIDES,LAS FLORES,3.7,8
6751,N61,58,9,AV.,OSCAR R. BENAVIDES,TRANSLIMA SA.,1.4,0
6752,N67,24,11,AV.,OSCAR R. BENAVIDES,ESPECIAL SOLIDARIDAD,2.6,9
6753,N34,34,5,AV.,ALFREDO BENAVIDES,HOLDING EXPRESS,1.5,6
6755,N24,54,7,AV.,ALFREDO BENAVIDES,VIRGEN DE COPACABANA,3.4,0
6756,N01,49,9,AV.,ALFREDO BENAVIDES,URANO TOURS SA.,2.0,3
6758,N53,33,13,AV.,ALFREDO BENAVIDES,HOLDING EXPRESS,3.6,1
6763,N61,48,12,AV.,ALFREDO BENAVIDES,GRUPO ORION,1.2,3
6765,N61,42,12,AV.,OSCAR R. BENAVIDES,STO. CRISTO DE PACHACAMILLA,1.6,2
6766,N34,40,5,AV.,OSCAR R. BENAVIDES,UNIDOS CHAMA,3.0,4
6767,N34,36,12,AV.,OSCAR R. BENAVIDES,UNIDOS CHAMA,2.7,2
6769,N50,59,4,AV.,ALFREDO BENAVIDES,HOLREX,2.4,0
6770,N53,23,4,AV.,ALFREDO BENAVIDES,URANO TOURS SA.,3.6,5
6772,N53,22,5,AV.,ALFREDO BENAVIDES,HOLDING EXPRESS,3.6,5
6788,N44,54,6,AV.,OSCAR R. BENAVIDES,ESPECIAL SOLIDARIDAD,2.7,8
6789,N24,20,5,AV.,ALFREDO BENAVIDES,VIRGEN DE COPACABANA,2.0,5
6790,N24,20,2,AV.,ALFREDO BENAVIDES,VIRGEN DE COPACABANA,2.9,5
6797,N61,31,4,AV.,ALFREDO BENAVIDES,VIRGEN DE COPACABANA,2.4,7
6801,N63,56,9,AV.,ALFREDO BENAVIDES,ESPECIAL SOLIDARIDAD,2.9,0
6806,N01,47,12,AV.,ALFREDO BENAVIDES,ESPECIAL SOLIDARIDAD,1.5,3
6807,N71,57,9,AV.,ALFREDO BENAVIDES,SAN ANTONIO,2.2,0
6811,N67,49,10,AV.,ALFREDO BENAVIDES,CUARENTA INTEGRADA,3.0,3
6812,N67,34,8,AV.,ALFREDO BENAVIDES,HOLDING EXPRESS,3.2,1
6814,N61,46,5,AV.,OSCAR R. BENAVIDES,UNIDOS CHAMA,3.8,4
6816,N67,55,2,AV.,OSCAR R. BENAVIDES,GRUPO ORION,3.0,8
6817,N61,27,6,AV.,PASEO DE LA REPUBLICA,ESPECIAL SOLIDARIDAD,3.5,7
6818,N24,55,7,AV.,ALFREDO BENAVIDES,VIRGEN DE COPACABANA,3.1,0
6820,N34,54,5,AV.,OSCAR R. BENAVIDES,UNIDOS CHAMA,3.4,8
6821,N61,37,4,AV.,ALFREDO BENAVIDES,CUARENTA INTEGRADA,1.5,6
6822,N61,23,7,AV.,OSCAR R. BENAVIDES,HOLREX,2.7,9
6827,N34,44,10,AV.,OSCAR R. BENAVIDES,UNIDOS CHAMA,1.5,3
6832,N67,19,6,AV.,ALFREDO BENAVIDES,HOLDING EXPRESS,3.7,5
6841,N24,60,7,CA.,BERLIN,ESPECIAL SOLIDARIDAD,1.5,0
6842,N24,37,10,AV.,PETIT THOUARS,URANO TOURS SA.,3.2,2
6845,N53,35,7,AV.,ALFREDO BENAVIDES,HOLDING EXPRESS,3.3,6
6848,N24,44,9,AV.,PETIT THOUARS,ESPECIAL SOLIDARIDAD,3.8,3
6849,N61,18,8,AV.,ALFREDO BENAVIDES,HOLREX,1.6,5
6850,N61,37,8,AV.,PASEO DE LA REPUBLICA,AQUARIUS SAC,2.2,2
6851,N24,28,7,AV.,PETIT THOUARS,ESPECIAL SOLIDARIDAD,1.5,7
6852,N34,19,11,AV.,OSCAR R. BENAVIDES,HOLREX,3.4,9
6853,N61,18,8,AV.,PASEO DE LA REPUBLICA,AQUARIUS SAC,3.7,5
6861,N24,58,6,AV.,PETIT THOUARS,HOLREX,2.8,0
6873,N67,58,3,AV.,ALFREDO BENAVIDES,HOLDING EXPRESS,3.4,0
6875,N61,55,2,AV.,ALFREDO BENAVIDES,HOLREX,1.3,8
6878,N24,46,3,AV.,PETIT THOUARS,ESPECIAL SOLIDARIDAD,1.4,4
6879,N61,33,11,AV.,PASEO DE LA REPUBLICA,HOLREX,3.8,1
6880,N01,42,5,AV.,PETIT THOUARS,ESPECIAL SOLIDARIDAD,1.9,4
6887,N24,20,9,AV.,PETIT THOUARS,URANO TOURS SA.,2.6,9
6890,N24,30,5,AV.,RAMIREZ GASTON,HOLREX,2.3,7
6891,N24,36,5,AV.,RAMIREZ GASTON,ESPECIAL SOLIDARIDAD,2.6,6
6897,N71,53,5,AV.,ALFREDO BENAVIDES,UNIDOS CHAMA,3.8,8
6899,N71,43,4,AV.,ALFREDO BENAVIDES,HOLDING EXPRESS,2.9,4
6902,N24,29,3,AV.,PETIT THOUARS,ESPECIAL SOLIDARIDAD,1.4,7
6904,N48,53,9,CA.,HIPOLITO UNANUE,MIRAFLORES MONTERRICO,2.7,0
6906,N71,30,8,CA.,HIPOLITO UNANUE,MIRAFLORES MONTERRICO,2.9,1
6912,N24,47,10,AV.,PETIT THOUARS,ESPECIAL SOLIDARIDAD,3.1,3
6919,N24,33,7,AV.,ALFREDO BENAVIDES,VIRGEN DE COPACABANA,3.1,1
6920,N24,19,11,AV.,ALFREDO BENAVIDES,VIRGEN DE COPACABANA,3.3,9
6921,N50,48,10,AV.,PASEO DE LA REPUBLICA,GRUPO ORION,2.4,3
6923,N34,20,7,AV.,ALFREDO BENAVIDES,HOLDING EXPRESS,2.9,5
6926,N34,56,5,AV.,ALFREDO BENAVIDES,GRUPO ORION,3.5,0
6927,N24,46,5,AV.,RICARDO PALMA,ESPECIAL SOLIDARIDAD,3.2,4
6938,N34,19,0,AV.,ALFREDO BENAVIDES,GRUPO ORION,3.1,5
6940,N34,57,8,AV.,ALFREDO BENAVIDES,GRUPO ORION,1.9,0
6942,N01,21,3,AV.,ALFREDO BENAVIDES,SAN SEBASTIAN S.A,3.2,5
6946,N40,26,6,AV.,ALFREDO BENAVIDES,ESPECIAL SOLIDARIDAD,3.9,7
6947,N24,29,3,AV.,RICARDO PALMA,HOLDING EXPRESS,2.0,7
6948,N01,53,11,AV.,RICARDO PALMA,RAPIDO MUSA SA.,3.6,0
6949,N67,58,9,AV.,ALFREDO BENAVIDES,CUARENTA INTEGRADA,2.5,0
6952,N67,45,5,AV.,ALFREDO BENAVIDES,HOLREX,1.8,4
6955,N67,41,11,AV.,PASEO DE LA REPUBLICA,AQUARIUS SAC,2.2,2
6956,N34,33,11,AV.,ALFREDO BENAVIDES,URANO TOURS SA.,3.0,1
6958,N61,43,8,AV.,ALFREDO BENAVIDES,VIRGEN DE COPACABANA,4.0,2
6959,N24,49,6,AV.,ALFREDO BENAVIDES,VIRGEN DE COPACABANA,2.4,3
6961,N67,39,5,AV.,ALFREDO BENAVIDES,GRUPO ORION,2.7,6
6964,N24,19,9,AV.,PETIT THOUARS,SAN SEBASTIAN,1.8,9
6965,N61,53,10,AV.,ALFREDO BENAVIDES,VIRGEN DE COPACABANA,2.6,0
6966,N24,41,9,AV.,ALFREDO BENAVIDES,VIRGEN DE COPACABANA,1.3,2
6970,N24,24,6,AV.,PETIT THOUARS,ESPECIAL SOLIDARIDAD,4.0,9
6972,N61,25,8,AV.,ALFREDO BENAVIDES,ESPECIAL SOLIDARIDAD,3.5,9
6973,N50,48,5,AV.,CMDTE. ESPINAR,TRANSCATEL,1.3,8
6977,N61,28,5,AV.,ALFREDO BENAVIDES,HOLREX,3.9,7
6987,N24,57,9,AV.,CMDTE. ESPINAR,TRANSLIMA SA.,2.3,0
6988,N01,48,8,AV.,ALFREDO BENAVIDES,SAN SEBASTIAN S.A,2.7,3
6989,N71,19,11,CA.,CRNEL. INCLAN,LOS ANGELES DEL PERU SAC.,1.2,9
6994,N34,40,6,AV.,PASEO DE LA REPUBLICA,UNIDOS CHAMA,3.0,2
6996,N24,37,9,AV.,JOSE PARDO,ESPECIAL SOLIDARIDAD,1.4,2
7000,N61,20,7,AV.,ALFREDO BENAVIDES,HOLDING EXPRESS,2.6,5
7001,N61,38,6,AV.,JOSE PARDO,VIRGEN DE COPACABANA,2.5,2
7008,N67,44,6,AV.,ALFREDO BENAVIDES,ESPECIAL SOLIDARIDAD,3.9,4
7009,N67,23,3,AV.,ALFREDO BENAVIDES,ESPECIAL SOLIDARIDAD,3.2,5
7011,N50,58,4,AV.,ANGAMOS ESTE,LOS ANGELES DEL PERU SAC.,3.9,0
7017,N61,32,2,AV.,ALFREDO BENAVIDES,ESPECIAL SOLIDARIDAD,2.9,6
7018,N67,40,11,AV.,PASEO DE LA REPUBLICA,UNIDOS CHAMA,2.0,2
7021,N24,25,3,AV.,ALFREDO BENAVIDES,VIRGEN DE COPACABANA,3.3,7
7026,N61,47,2,AV.,BAJADA BALTA,URANO TOURS SA.,3.2,8
7031,N61,42,5,AV.,JOSE LARCO,ESPECIAL SOLIDARIDAD,2.6,4
7036,N61,30,8,AV.,OSCAR R. BENAVIDES,VIRGEN DE COPACABANA,3.2,1
7043,N01,46,7,AV.,ALFREDO BENAVIDES,GRUPO ORION,2.3,3
7047,N61,21,12,AV.,ANGAMOS OESTE,LOS ANGELES DEL PERU SAC.,2.4,9
7048,N61,21,7,AV.,ANGAMOS OESTE,LOS ANGELES DEL PERU SAC.,3.9,5
7049,N24,19,2,AV.,PETIT THOUARS,SAN SEBASTIAN,3.3,5
7051,N61,52,9,AV.,OSCAR R. BENAVIDES,VIRGEN DE COPACABANA,2.0,8
7052,N61,59,3,AV.,PASEO DE LA REPUBLICA,GRUPO ORION,1.5,0
7055,N61,46,7,AV.,ALFREDO BENAVIDES,URANO TOURS SA.,2.1,3
7056,N24,39,1,AV.,PETIT THOUARS,ESPECIAL SOLIDARIDAD,1.5,4
7080,N01,41,9,AV.,JOSE LARCO,ESPECIAL SOLIDARIDAD,3.2,2
7081,N01,33,7,AV.,PETIT THOUARS,RAPIDO MUSA SA.,2.1,1
7082,N01,59,5,AV.,JOSE LARCO,RAPIDO MUSA SA.,1.7,0
7083,N01,41,4,AV.,ANGAMOS ESTE,LOS ANGELES DEL PERU SAC.,1.9,4
7085,N50,37,8,CA.,DOS DE MAYO,NUEVA AMERICA SA,2.3,2
7088,N24,26,6,AV.,PETIT THOUARS,ESPECIAL SOLIDARIDAD,2.0,7
7098,N42,28,2,AV.,GNRAL. CORDOVA,MIRAFLORES MONTERRICO,3.1,7
7106,N61,33,2,AV.,BAJADA BALTA,ESPECIAL SOLIDARIDAD,3.4,6
7109,N24,49,6,AV.,PETIT THOUARS,HOLREX,1.8,3
7125,N24,52,11,CA.,ATAHUALPA,LOS ANGELES DEL PERU SAC.,2.2,3
7128,N71,55,7,CA.,TACNA,GRUPO ORION,2.2,0
7139,N16,18,6,AV.,JOSE LARCO,ESPECIAL SOLIDARIDAD,2.7,5
7178,N61,47,5,AV.,JOSE PARDO,ESPECIAL SOLIDARIDAD,2.1,3
7179,N01,19,9,AV.,JOSE LARCO,ESPECIAL SOLIDARIDAD,1.4,9
7224,N61,46,8,AV.,JOSE LARCO,ESPECIAL SOLIDARIDAD,2.3,3
7225,N61,54,9,AV.,JOSE LARCO,ESPECIAL SOLIDARIDAD,1.5,0
7243,N24,59,9,AV.,PETIT THOUARS,ESPECIAL SOLIDARIDAD,2.5,0
7245,N61,27,7,AV.,ALFREDO BENAVIDES,TRANSCATEL,2.3,7
7246,N61,52,8,AV.,PETIT THOUARS,HOLREX,2.3,8
7257,N61,36,10,AV.,PETIT THOUARS,ESPECIAL SOLIDARIDAD,1.7,1
7267,N61,59,5,AV.,PETIT THOUARS,ATCR S.A,1.5,0
7279,N24,47,10,AV.,ANGAMOS ESTE,ATCR S.A,3.2,3
7283,N61,58,8,AV.,PETIT THOUARS,HOLREX,2.4,0
7285,N61,36,10,OV.,GUTIERREZ,ESPECIAL SOLIDARIDAD,2.8,1
7287,N71,55,4,CA.,CHICLAYO,LOS ANGELES DEL PERU SAC.,1.8,8
7288,N44,41,10,AV.,ANGAMOS ESTE,LOS ANGELES DEL PERU SAC.,1.5,2
7308,N53,23,5,AV.,JOSE LARCO,UNIDOS CHAMA,1.6,5
7317,N61,25,10,AV.,PETIT THOUARS,ESPECIAL SOLIDARIDAD,2.6,9
7329,N44,34,9,AV.,ANGAMOS ESTE,EXPRESS PACHACAMAC,3.2,1
7335,N71,59,9,AV.,PETIT THOUARS,ATCR S.A,2.9,0
7342,N01,31,1,AV.,JOSE PARDO,VIRGEN DE COPACABANA,2.3,7
7381,N44,48,4,AV.,ANGAMOS ESTE,EXPRESS PACHACAMAC,3.3,8
7386,N61,32,6,AV.,PETIT THOUARS,ESPECIAL SOLIDARIDAD,3.3,1
7390,N24,31,11,AV.,PETIT THOUARS,ESPECIAL SOLIDARIDAD,2.2,1
7391,N50,34,10,AV.,CMDTE. ESPINAR,CUARENTA INTEGRADA,3.2,1
7395,N71,29,6,AV.,PETIT THOUARS,HOLREX,2.0,7
7402,N24,21,9,AV.,JOSE PARDO,VIRGEN DE COPACABANA,3.2,9
7405,N24,50,5,AV.,RICARDO PALMA,HOLREX,3.0,8
7408,N63,40,9,AV.,CMDTE. ESPINAR,HOLDING EXPRESS,1.5,2
7415,N24,57,5,AV.,RICARDO PALMA,ESPECIAL SOLIDARIDAD,1.4,0
7421,N33,36,4,AV.,OSCAR R. BENAVIDES,HOLREX,2.1,6
7422,N24,45,6,AV.,PETIT THOUARS,SAN PEDRO,1.2,4
7424,N61,30,5,AV.,PETIT THOUARS,HOLREX,3.1,7
7427,N01,34,8,AV.,ANGAMOS OESTE,LOS ANGELES DEL PERU SAC.,1.7,1
7428,N24,40,6,AV.,JOSE LARCO,ESPECIAL SOLIDARIDAD,2.5,2
7431,N61,20,4,AV.,ALFREDO BENAVIDES,GRUPO ORION,2.9,5
7432,N67,50,2,CA.,DOS DE MAYO,TRANSVESA,2.5,8
7434,N61,44,3,AV.,JOSE LARCO,GRUPO ORION,2.9,4
7435,N61,27,10,AV.,DEL EJERCITO,VIRGEN DE COPACABANA,1.4,7
7436,N61,29,7,AV.,PETIT THOUARS,ESPECIAL SOLIDARIDAD,3.6,1
7443,N71,32,8,AV.,RICARDO PALMA,ESPECIAL SOLIDARIDAD,2.0,1
7447,N61,34,3,AV.,JOSE LARCO,VIRGEN DE COPACABANA,2.0,6
7448,N24,31,7,AV.,OSCAR R. BENAVIDES,VIRGEN DE COPACABANA,3.1,7
7451,N61,38,3,AV.,PETIT THOUARS,ESPECIAL SOLIDARIDAD,2.1,6
7454,N63,49,9,AV.,CMDTE. ESPINAR,UNIDOS CHAMA,1.9,3
7469,N71,50,9,CA.,HIPOLITO UNANUE,MIRAFLORES MONTERRICO,1.9,3
7473,N50,45,12,CA.,DOS DE MAYO,AQUARIUS SAC,3.4,3
7474,N24,29,6,AV.,PETIT THOUARS,ESPECIAL SOLIDARIDAD,3.3,7
7475,N61,50,5,CA.,DOS DE MAYO,GRUPO ORION,1.3,8
7476,N42,43,3,AV.,PETIT THOUARS,25 DE SETIEMBRE,1.5,4
7478,N24,54,5,AV.,ALFREDO BENAVIDES,VIRGEN DE COPACABANA,2.4,0
7479,N24,22,9,CA.,DOS DE MAYO,HOLREX,3.1,9
7480,N01,56,9,AV.,ANGAMOS ESTE,TRANSPORTES ANGAMOS,1.6,0
7486,N67,44,9,AV.,28 DE JULIO,TRANSPORTES UNIDOS,3.7,3
7489,N24,49,8,CA.,DOS DE MAYO,ESPECIAL SOLIDARIDAD,3.0,3
7496,N40,48,8,AV.,ALFREDO BENAVIDES,TRANSCATEL,3.7,3
7499,N01,19,5,AV.,ANGAMOS ESTE,SAN IGNACIO SA.,4.0,5
7502,N61,28,8,AV.,OSCAR R. BENAVIDES,ETUNIJESA,3.0,7
7507,N61,53,4,AV.,JOSE LARCO,VIRGEN DE COPACABANA,3.5,8
7509,N24,27,8,AV.,JOSE PARDO,ROMA INTERNACIONAL,2.2,7
7510,N24,57,4,AV.,ALFREDO BENAVIDES,URANO TOURS SA.,1.3,0
7516,N01,21,11,AV.,PETIT THOUARS,TRANSCATEL,4.0,9
7520,N24,41,2,AV.,PETIT THOUARS,ESPECIAL SOLIDARIDAD,1.5,4
7523,N67,56,10,AV.,ALFREDO BENAVIDES,GRUPO ORION,1.4,0
7535,N24,44,9,AV.,PETIT THOUARS,ESPECIAL SOLIDARIDAD,2.9,3
7536,N67,20,10,CA.,BOLOGNESI,ETUPSA 73,2.0,9
7546,N61,24,3,AV.,JOSE LARCO,ESPECIAL SOLIDARIDAD,2.0,5
7548,N61,41,8,AV.,JOSE LARCO,ETUNIJESA,2.9,2
7550,N42,53,7,AV.,PETIT THOUARS,25 DE SETIEMBRE,3.0,8
7552,N01,34,5,AV.,JOSE LARCO,EL PROGRESO S.A,2.3,6
7560,N04,24,5,AV.,ANGAMOS OESTE,GRUPO ORION,3.7,5
7569,N61,60,11,AV.,JOSE LARCO,URANO TOURS SA.,3.0,0
7570,N24,47,7,AV.,ALFREDO BENAVIDES,VIRGEN DE COPACABANA,2.6,3
7578,N67,32,4,CA.,DOS DE MAYO,AQUARIUS SAC,3.6,6
7581,N61,44,7,CA.,CRNEL. INCLAN,ATCR S.A,2.8,4
7582,N42,25,4,AV.,ANGAMOS ESTE,LOS ANGELES DEL PERU SAC.,3.9,7
7587,N44,55,5,CA.,DOS DE MAYO,AQUARIUS SAC,2.8,0
7591,N40,39,9,AV.,ANGAMOS ESTE,MIRAFLORES MONTERRICO,3.1,2
7592,N61,36,7,CA.,CRNEL. INCLAN,LOS ANGELES DEL PERU SAC.,3.9,6
7595,N61,56,10,AV.,ALFREDO BENAVIDES,VIRGEN DE COPACABANA,1.4,0
7602,N24,36,7,AV.,ALFREDO BENAVIDES,URANO TOURS SA.,1.8,2
7604,N40,45,5,AV.,ANGAMOS ESTE,MIRAFLORES MONTERRICO,3.8,4
7605,N67,53,10,CA.,DOS DE MAYO,STAR TOURS,2.0,0
7608,N71,59,2,CA.,CRNEL. INCLAN,ATCR S.A,1.5,0
7610,N71,30,4,CA.,CRNEL. INCLAN,ATCR S.A,1.4,7
7611,N71,60,9,CA.,CHICLAYO,ATCR S.A,2.3,0
7612,N50,53,7,AV.,JOSE PARDO,CUARENTA INTEGRADA,1.3,8
7614,N71,36,8,CA.,CHICLAYO,LOS ANGELES DEL PERU SAC.,3.8,2
7617,N61,39,6,AV.,ALFREDO BENAVIDES,HOLREX,2.3,2
7620,N61,36,13,CA.,CHICLAYO,ATCR S.A,4.0,1
7625,N67,52,6,AV.,ANGAMOS ESTE,CORPORACION ALELUYA,3.6,8
7626,N01,19,8,AV.,JOSE PARDO,NUEVA AMERICA,2.3,5
7627,N71,56,8,CA.,CRNEL. INCLAN,LOS ANGELES DEL PERU SAC.,3.2,0
7630,N61,32,6,CA.,CHICLAYO,GRUPO ORION,3.3,6
7631,N61,40,3,CA.,CHICLAYO,GRUPO ORION,3.3,6
7633,N33,52,3,CA.,COLON,TRANSPORTES UNIDOS,1.4,8
7650,N53,41,7,AV.,JOSE PARDO,STO. CRISTO DE PACHACAMILLA,1.6,2
7654,N01,47,6,CA.,CHICLAYO,LOS ANGELES DEL PERU SAC.,2.8,3
7656,N67,53,11,AV.,ALFREDO BENAVIDES,HOLREX,2.5,0
7657,N40,33,2,AV.,ANGAMOS ESTE,RAPIDO UNIVERSAL,3.0,6
7659,N40,53,9,AV.,ANGAMOS ESTE,LOS ANGELES DEL PERU SAC.,1.5,0
7660,N61,20,7,CA.,DOS DE MAYO,ESPECIAL SOLIDARIDAD,1.7,5
7661,N24,27,7,AV.,OSCAR R. BENAVIDES,ETUNIJESA,1.7,7
7662,N24,41,5,AV.,PETIT THOUARS,URANO TOURS SA.,2.5,4
7668,N34,41,10,AV.,OSCAR R. BENAVIDES,UNIDOS CHAMA,3.2,2
7679,N61,21,1,CA.,DOS DE MAYO,ESPECIAL SOLIDARIDAD,3.6,5
7684,N01,46,11,AV.,PETIT THOUARS,SAN SEBASTIAN S.A,1.7,3
7685,N04,50,5,CA.,GNRAL. SUAREZ,LOS ANGELES DEL PERU SAC.,1.7,8
7686,N63,46,9,CA.,DOS DE MAYO,HOLREX,1.5,3
7689,N44,37,13,AV.,ANGAMOS ESTE,TRANSPORTES ANGAMOS,2.8,2
7694,N67,32,4,AV.,ANGAMOS ESTE,MIRAFLORES MONTERRICO,1.7,6
7696,N24,59,6,AV.,CMDTE. ESPINAR,ESPECIAL SOLIDARIDAD,2.6,0
7700,N24,32,13,CA.,DOS DE MAYO,URANO TOURS SA.,1.6,1
7702,N24,52,7,AV.,OSCAR R. BENAVIDES,URANO TOURS SA.,2.3,8
7707,N24,30,4,AV.,PETIT THOUARS,ESPECIAL SOLIDARIDAD,2.3,7
7736,N61,18,11,AV.,ALFREDO BENAVIDES,HOLREX,1.3,9
7737,N67,47,7,AV.,ALFREDO BENAVIDES,GRUPO ORION,3.1,3
7748,N61,53,8,AV.,PETIT THOUARS,ESPECIAL SOLIDARIDAD,2.3,8
7753,N61,51,3,AV.,JOSE LARCO,ESPECIAL SOLIDARIDAD,2.8,8
7754,N61,30,3,AV.,PASEO DE LA REPUBLICA,SAN PEDRO,3.5,7
7758,N01,44,11,AV.,PETIT THOUARS,UNIDOS CHAMA,1.6,3
7759,N01,48,7,AV.,PETIT THOUARS,RAPIDO MUSA SA.,2.3,3
7760,N44,32,8,AV.,ANGAMOS ESTE,LOS TIGRES DE LA 524,2.1,1
7761,N61,24,4,AV.,ANGAMOS ESTE,TABLADA 2000,2.8,5
7768,N61,41,9,AV.,PETIT THOUARS,URANO TOURS SA.,3.9,2
7787,N61,45,10,AV.,PETIT THOUARS,ESPECIAL SOLIDARIDAD,2.4,3
7789,N61,56,8,AV.,PETIT THOUARS,GRUPO ORION,2.5,0
7791,N67,53,8,AV.,ANGAMOS ESTE,SEÃ‘OR DE LA SOLEDAD,3.4,8
7800,N44,28,5,AV.,ALFREDO BENAVIDES,GRUPO ORION,1.9,7
7805,N01,37,10,AV.,PETIT THOUARS,RAPIDO MUSA SA.,1.8,2
7807,N24,34,7,AV.,JOSE PARDO,URANO TOURS SA.,4.0,6
7812,N71,53,8,AV.,JOSE PARDO,URANO TOURS SA.,1.6,8
7814,N34,36,8,CA.,BOLOGNESI,ETUPSA 73,1.6,2
7822,N24,41,7,AV.,ANGAMOS OESTE,ATCR S.A,2.4,2
7823,N34,21,10,AV.,ANGAMOS OESTE,EXPRESS PACHACAMAC,3.6,9
7834,N01,34,8,AV.,PETIT THOUARS,ESPECIAL SOLIDARIDAD,2.8,1
7836,N67,59,2,AV.,ALFREDO BENAVIDES,SAN ANTONIO,1.7,0
7838,N24,52,9,AV.,ALFREDO BENAVIDES,URANO TOURS SA.,1.3,8
7839,N67,34,10,AV.,ANGAMOS ESTE,STO. CRISTO DE PACHACAMILLA,2.4,1
7840,N67,58,3,AV.,ANGAMOS ESTE,GRUPO DIEZ SAC.,1.9,0
7844,N01,33,11,AV.,OSCAR R. BENAVIDES,VIRGEN DE COPACABANA,2.3,1
7845,N63,53,7,AV.,ALFREDO BENAVIDES,URANO TOURS SA.,2.9,8
7854,N24,44,8,AV.,PASEO DE LA REPUBLICA,SAN PEDRO,3.6,4
7856,N24,23,7,AV.,OSCAR R. BENAVIDES,URANO TOURS SA.,1.8,9
7858,N16,56,6,AV.,PASEO DE LA REPUBLICA,NUEVA AMERICA SA,3.1,0
7861,N24,29,4,AV.,ALFREDO BENAVIDES,URANO TOURS SA.,3.3,7
7868,N01,54,7,AV.,JOSE PARDO,NUEVA AMERICA,2.7,0
7873,N61,31,8,AV.,ALFREDO BENAVIDES,VIRGEN DE COPACABANA,3.6,1
7875,N67,46,8,AV.,ALFREDO BENAVIDES,HOLREX,3.9,3
7880,N24,51,9,AV.,ALFREDO BENAVIDES,VIRGEN DE COPACABANA,4.0,3
7882,N61,56,10,AV.,PASEO DE LA REPUBLICA,NUEVA AMERICA SA,3.8,0
7887,N61,35,6,AV.,ALFREDO BENAVIDES,GRUPO ORION,2.4,6
7894,N24,54,8,AV.,PETIT THOUARS,ESPECIAL SOLIDARIDAD,2.1,0
7898,N61,37,7,AV.,OSCAR R. BENAVIDES,VIRGEN DE COPACABANA,3.8,2
7899,N61,33,7,AV.,PETIT THOUARS,URANO TOURS SA.,2.2,1
7907,N24,49,9,AV.,PETIT THOUARS,ESPECIAL SOLIDARIDAD,1.7,3
7922,N24,51,5,AV.,PETIT THOUARS,ESPECIAL SOLIDARIDAD,1.6,8
7927,N16,34,4,AV.,ALFREDO BENAVIDES,GRUPO ORION,2.3,6
7928,N67,20,8,AV.,ALFREDO BENAVIDES,GRUPO ORION,2.7,5
7929,N67,50,4,AV.,ALFREDO BENAVIDES,VIRGEN DE COPACABANA,2.2,8
7932,N67,31,5,AV.,ALFREDO BENAVIDES,GRUPO ORION,4.0,6
7936,N50,21,2,AV.,ALFREDO BENAVIDES,LAS FLORES,2.0,5
7937,N24,19,11,AV.,ALFREDO BENAVIDES,VIRGEN DE COPACABANA,2.4,9
7938,N67,43,7,AV.,PASEO DE LA REPUBLICA,UNIDOS CHAMA,3.6,4
7942,N61,23,8,AV.,OSCAR R. BENAVIDES,UNIDOS CHAMA,1.3,9
7943,N24,57,7,AV.,ALFREDO BENAVIDES,URANO TOURS SA.,3.1,0
7968,N71,58,5,AV.,JOSE LARCO,VIRGEN DE COPACABANA,3.9,0
7976,N61,31,6,AV.,OSCAR R. BENAVIDES,HOLREX,3.0,1
8035,N01,51,9,CA.,SCHELL,SAN SEBASTIAN S.A,3.2,3
8038,N01,36,8,AV.,JOSE LARCO,ESPECIAL SOLIDARIDAD,3.1,1
8045,N01,46,11,AV.,JOSE LARCO,UNIDOS CHAMA,3.3,3
8056,N53,37,2,AV.,PETIT THOUARS,25 DE SETIEMBRE,1.3,6
8058,N53,36,7,AV.,OSCAR R. BENAVIDES,UNIDOS CHAMA,3.0,6
8059,N53,18,8,AV.,OSCAR R. BENAVIDES,UNIDOS CHAMA,3.6,5
8077,N53,44,4,AV.,OSCAR R. BENAVIDES,ESPECIAL SOLIDARIDAD,1.7,4
8085,N24,58,4,AV.,PETIT THOUARS,VIRGEN DE COPACABANA,1.9,0
8087,N24,25,7,AV.,PETIT THOUARS,ESPECIAL SOLIDARIDAD,2.1,9
8093,N67,18,1,AV.,GNRAL. CORDOVA,MIRAFLORES MONTERRICO,3.1,5
8097,N24,50,10,AV.,OSCAR R. BENAVIDES,TRANSLIMA SA.,2.8,3
8099,N61,53,8,AV.,JOSE PARDO,ESPECIAL SOLIDARIDAD,3.1,8
8100,N61,52,7,CA.,DOS DE MAYO,ESPECIAL SOLIDARIDAD,2.3,8
8102,N61,32,7,AV.,CMDTE. ESPINAR,VIRGEN DE COPACABANA,1.6,1
8105,N53,36,5,AV.,JOSE PARDO,CORPORACION ALELUYA,3.6,6
8107,N24,21,11,AV.,JOSE PARDO,VIRGEN DE COPACABANA,1.7,9
8111,N61,41,4,AV.,CMDTE. ESPINAR,ESPECIAL SOLIDARIDAD,3.4,4
8117,N61,53,3,AV.,ANGAMOS OESTE,MIRAFLORES MONTERRICO,1.4,8
8119,N53,59,6,AV.,JOSE PARDO,STO. CRISTO DE PACHACAMILLA,3.3,0
8120,N53,47,9,AV.,JOSE PARDO,STO. CRISTO DE PACHACAMILLA,3.6,3
8124,N53,58,5,AV.,JOSE PARDO,LAS FLORES,1.4,0
8126,N01,19,6,CA.,ATAHUALPA,SAN SEBASTIAN S.A,2.1,5
8131,N61,20,9,AV.,JOSE PARDO,ESPECIAL SOLIDARIDAD,3.1,9
8132,N24,47,6,AV.,OSCAR R. BENAVIDES,URANO TOURS SA.,2.1,4
8133,N61,56,4,AV.,OSCAR R. BENAVIDES,HOLREX,1.6,8
8139,N24,42,5,AV.,JOSE PARDO,ESPECIAL SOLIDARIDAD,3.6,4
8140,N24,34,5,AV.,DEL EJERCITO,VIRGEN DE COPACABANA,1.3,6
8142,N64,59,6,AV.,PETIT THOUARS,ESPECIAL SOLIDARIDAD,3.1,0
8143,N53,48,8,AV.,OSCAR R. BENAVIDES,STO. CRISTO DE PACHACAMILLA,1.9,3
8144,N61,30,7,AV.,JOSE PARDO,VIRGEN DE COPACABANA,2.9,7
8145,N61,39,8,AV.,JOSE PARDO,VIRGEN DE COPACABANA,1.3,2
8148,N61,48,7,AV.,PETIT THOUARS,HOLREX,3.0,3
8152,N24,58,3,CA.,JORGE POLAR,GRUPO SALAMANCA,1.6,0
8166,N53,42,10,AV.,DEL EJERCITO,LAS FLORES,1.3,2
8169,N67,41,3,AV.,ANGAMOS ESTE,MIRAFLORES MONTERRICO,1.8,4
8170,N67,30,8,AV.,ANGAMOS ESTE,MIRAFLORES MONTERRICO,1.7,1
8171,N53,58,6,AV.,DEL EJERCITO,MIRAFLORES MONTERRICO,2.2,0
8172,N67,30,4,AV.,ANGAMOS ESTE,SINCHIROCA,2.8,7
8173,N24,46,9,AV.,OSCAR R. BENAVIDES,ETUNIJESA,2.4,3
8174,N67,34,2,AV.,JOSE PARDO,NUEVA AMERICA SA,2.5,6
8175,N67,59,7,AV.,JOSE PARDO,NUEVA AMERICA SA,2.7,0
8176,N24,25,9,AV.,JOSE PARDO,URANO TOURS SA.,3.6,9
8179,N24,27,4,AV.,JOSE PARDO,VIRGEN DE COPACABANA,1.7,7
8180,N01,27,12,AV.,JOSE PARDO,VIRGEN DE COPACABANA,2.5,9
8184,N71,53,7,AV.,JOSE PARDO,URANO TOURS SA.,3.3,8
8185,N24,57,6,AV.,JOSE PARDO,URANO TOURS SA.,3.1,0
8186,N24,50,4,AV.,JOSE PARDO,ESPECIAL SOLIDARIDAD,2.6,8
8187,N67,23,4,AV.,OSCAR R. BENAVIDES,GRUPO ORION,2.1,5
8188,N24,24,8,AV.,JOSE PARDO,VIRGEN DE COPACABANA,1.2,9
8191,N04,54,10,CA.,08 DE OCTUBRE,GRUPLAN SA.,3.9,0
8202,N04,50,4,CA.,08 DE OCTUBRE,GRUPLAN,3.2,8
8203,N04,33,6,CA.,08 DE OCTUBRE,GRUPLAN,2.3,6
8206,N44,31,11,CA.,ALMTE. MONTERO,LOS ANGELES DEL PERU SAC.,1.9,1
8216,N61,52,8,AV.,ALFREDO BENAVIDES,URANO TOURS SA.,2.1,8
8221,N67,51,11,AV.,ANGAMOS ESTE,TRANSPORTES ANGAMOS,3.0,3
8226,N71,50,4,AV.,PASEO DE LA REPUBLICA,ATCR S.A,3.5,8
8230,N61,53,3,AV.,ALFREDO BENAVIDES,URANO TOURS SA.,3.2,8
8233,N71,37,7,AV.,PASEO DE LA REPUBLICA,URANO TOURS SA.,1.6,2
8256,N24,43,7,AV.,OSCAR R. BENAVIDES,URANO TOURS SA.,1.4,4
8266,N61,28,8,AV.,OSCAR R. BENAVIDES,VIRGEN DE COPACABANA,3.5,7
8290,N01,38,3,AV.,PETIT THOUARS,UNIDOS CHAMA,3.5,6
8292,N61,47,3,AV.,ALFREDO BENAVIDES,GRUPO ORION,2.9,8
8293,N67,59,4,AV.,ALFREDO BENAVIDES,GRUPO ORION,1.3,0
8294,N61,30,5,AV.,JOSE PARDO,URANO TOURS SA.,4.0,7
8296,N61,31,10,CA.,BELLAVISTA,TRANSLIMA SA.,3.3,1
8297,N24,55,10,AV.,ALFREDO BENAVIDES,VIRGEN DE COPACABANA,2.3,0
8298,N61,24,9,AV.,JOSE PARDO,VIRGEN DE COPACABANA,1.4,9
8300,N44,35,5,AV.,SANTA CRUZ,12 DE NOVIEMBRE,4.0,6
8303,N01,33,9,AV.,JOSE PARDO,VIRGEN DE COPACABANA,1.4,1
8304,N01,53,2,AV.,JOSE PARDO,VIRGEN DE COPACABANA,1.3,8
8307,N24,29,7,AV.,JOSE PARDO,VIRGEN DE COPACABANA,1.5,7
8313,N04,52,4,CA.,HIPOLITO UNANUE,GRUPLAN SA.,3.3,8
8314,N24,39,8,AV.,PETIT THOUARS,ESPECIAL SOLIDARIDAD,2.4,2
8315,N34,32,7,AV.,ALFREDO BENAVIDES,GRUPO ORION,3.6,1
8322,N40,46,4,AV.,ALFREDO BENAVIDES,ESPECIAL SOLIDARIDAD,2.0,4
8323,N40,26,2,AV.,ALFREDO BENAVIDES,ESPECIAL SOLIDARIDAD,3.1,7
8324,N01,41,8,AV.,ALFREDO BENAVIDES,RAPIDO MUSA SA.,2.3,2
8325,N56A,38,4,AV.,ANGAMOS ESTE,TRANSPORTES ANGAMOS,1.5,6
8329,N24,24,4,AV.,PETIT THOUARS,LA NUEVA ESTRELLA,2.7,5
8330,N61,45,13,AV.,JOSE PARDO,VIRGEN DE COPACABANA,3.5,3
8332,N67,19,7,CA.,DOS DE MAYO,HOLREX,1.8,5
8334,N67,33,5,AV.,ANGAMOS ESTE,NUEVO HORIZONTE,1.5,6
8337,N24,33,2,AV.,JOSE PARDO,VIRGEN DE COPACABANA,1.7,6
8338,N61,45,4,AV.,ANGAMOS ESTE,GRUPO ORION,1.4,4
8340,N01,38,8,AV.,PETIT THOUARS,GRUPO ORION,2.4,2
8345,N61,45,10,AV.,ANGAMOS ESTE,GRUPO ORION,3.5,3
8358,N01,19,9,AV.,PETIT THOUARS,SAN SEBASTIAN S.A,3.2,9
8361,N01,57,12,AV.,PETIT THOUARS,RAPIDO MUSA SA.,2.6,0
8362,N67,46,8,AV.,ANGAMOS ESTE,SEÃ‘OR DE LA SOLEDAD,2.1,3
8363,N71,45,7,AV.,JOSE PARDO,ESPECIAL SOLIDARIDAD,1.7,3
8364,N71,41,5,AV.,OSCAR R. BENAVIDES,URANO TOURS SA.,3.4,4
8366,N61,49,2,AV.,CMDTE. ESPINAR,ESPECIAL SOLIDARIDAD,3.9,8
8367,N61,42,8,CA.,DOS DE MAYO,URANO TOURS SA.,2.4,4
8371,N01,60,9,CA.,CRNEL. INCLAN,TRANSCATEL,3.0,0
8374,N61,35,10,AV.,PETIT THOUARS,URANO TOURS SA.,1.4,1
8388,N24,30,5,AV.,JOSE PARDO,ESPECIAL SOLIDARIDAD,2.0,7
8389,N61,48,8,AV.,PETIT THOUARS,SAN PEDRO,1.8,3
8390,N71,29,3,AV.,DEL EJERCITO,VIRGEN DE COPACABANA,1.8,7
8391,N61,33,6,AV.,ANGAMOS ESTE,MIRAFLORES MONTERRICO,2.0,6
8394,N71,24,10,AV.,PETIT THOUARS,URANO TOURS SA.,3.7,9
8395,N45,48,5,CA.,DOS DE MAYO,NORTEAMERICA,1.8,8
8401,N61,26,8,AV.,PETIT THOUARS,ATCR S.A,1.3,9
8424,N01,24,7,AV.,PETIT THOUARS,SAN SEBASTIAN S.A,3.6,9
8425,N61,21,7,AV.,PETIT THOUARS,ESPECIAL SOLIDARIDAD,1.6,9
8429,N61,54,5,AV.,PETIT THOUARS,ESPECIAL SOLIDARIDAD,2.3,8
8430,N61,59,5,AV.,PASEO DE LA REPUBLICA,HOLREX,2.9,0
8432,N01,47,6,AV.,ALFREDO BENAVIDES,VIRGEN DE COPACABANA,2.4,3
8441,N61,25,10,AV.,PASEO DE LA REPUBLICA,AQUARIUS SAC,2.2,9
8446,N61,41,11,AV.,PETIT THOUARS,ESPECIAL SOLIDARIDAD,2.5,2
8457,N61,23,13,AV.,ALFREDO BENAVIDES,HOLREX,3.4,9
8459,N61,33,4,AV.,PASEO DE LA REPUBLICA,GRUPO ORION,3.5,6
8461,N61,43,4,AV.,ALFREDO BENAVIDES,URANO TOURS SA.,3.2,4
8462,N61,21,5,AV.,ALFREDO BENAVIDES,TRANSCASTEL,1.9,5
8465,N61,38,4,AV.,ALFREDO BENAVIDES,VIRGEN DE COPACABANA,2.2,6
8466,N61,32,8,AV.,PETIT THOUARS,VIRGEN DE COPACABANA,1.2,1
8467,N24,55,9,AV.,PETIT THOUARS,ESPECIAL SOLIDARIDAD,1.5,0
8478,N61,58,11,AV.,ALFREDO BENAVIDES,GRUPO ORION,2.5,0
8495,N01,39,5,AV.,PETIT THOUARS,SAN SEBASTIAN S.A,2.1,4
8496,N61,34,10,AV.,ALFREDO BENAVIDES,GRUPO ORION,1.8,1
8502,N67,35,5,AV.,RICARDO PALMA,AQUARIUS SAC,2.2,6
8504,N24,25,9,AV.,PETIT THOUARS,ESPECIAL SOLIDARIDAD,1.9,9
8505,N24,53,2,AV.,PETIT THOUARS,ESPECIAL SOLIDARIDAD,2.4,8
8506,N24,31,10,AV.,PETIT THOUARS,ESPECIAL SOLIDARIDAD,2.1,1
8514,N61,29,1,AV.,ALFREDO BENAVIDES,VIRGEN DE COPACABANA,3.3,7
8529,N71,36,1,AV.,PASEO DE LA REPUBLICA,SEÃ‘OR DE LA SOLEDAD,1.9,6
8539,N24,42,10,AV.,PETIT THOUARS,SAN PEDRO,2.3,2
8543,N24,54,2,AV.,ALFREDO BENAVIDES,URANO TOURS SA.,1.7,8
8545,N24,33,8,AV.,ALFREDO BENAVIDES,URANO TOURS SA.,3.3,1
8546,N24,24,9,CA.,DOS DE MAYO,URANO TOURS SA.,2.9,9
8547,N61,25,3,AV.,PETIT THOUARS,GRUPO ORION,2.0,7
8548,N61,25,9,AV.,ALFREDO BENAVIDES,URANO TOURS SA.,2.4,9
8552,N24,29,12,AV.,ALFREDO BENAVIDES,VIRGEN DE COPACABANA,2.7,1
8553,N24,55,5,AV.,ALFREDO BENAVIDES,VIRGEN DE COPACABANA,2.4,0
8557,N24,52,6,AV.,PETIT THOUARS,ESPECIAL SOLIDARIDAD,2.4,8
8565,N24,29,8,CA.,DOS DE MAYO,SAN PEDRO,2.4,7
8570,N24,44,8,AV.,ALFREDO BENAVIDES,URANO TOURS SA.,2.4,4
8574,N67,50,7,AV.,ALFREDO BENAVIDES,ESPECIAL SOLIDARIDAD,1.3,3
8575,N71,50,2,AV.,ALFREDO BENAVIDES,VIRGEN DE COPACABANA,3.1,8
8582,N61,24,7,AV.,PETIT THOUARS,VIRGEN DE COPACABANA,3.2,9
8583,N71,55,8,AV.,OSCAR R. BENAVIDES,URANO TOURS SA.,3.2,0
8584,N61,47,4,AV.,ALFREDO BENAVIDES,URANO TOURS SA.,3.5,8
8586,N01,49,9,AV.,ALFREDO BENAVIDES,VIRGEN DE COPACABANA,2.3,3
8591,N71,44,10,AV.,OSCAR R. BENAVIDES,URANO TOURS SA.,2.7,3
8592,N24,50,9,AV.,ALFREDO BENAVIDES,VIRGEN DE COPACABANA,3.6,3
8599,N61,20,11,AV.,ALFREDO BENAVIDES,URANO TOURS SA.,1.5,9
8600,N61,41,1,AV.,ALFREDO BENAVIDES,URANO TOURS SA.,3.6,4
8601,N61,60,4,AV.,CMDTE. ESPINAR,CUARENTA INTEGRADA,3.2,0
8602,N67,27,3,AV.,PETIT THOUARS,25 DE SETIEMBRE,3.4,7
8606,N24,38,9,AV.,ALFREDO BENAVIDES,VIRGEN DE COPACABANA,2.3,2
8607,N01,42,6,AV.,ALFREDO BENAVIDES,VIRGEN DE COPACABANA,1.4,2
8609,N24,43,9,AV.,CMDTE. ESPINAR,URANO TOURS SA.,1.8,4
8622,N01,57,6,CA.,GERVACIO SANTILLANA,ESPECIAL SOLIDARIDAD,3.7,0
8624,N61,34,7,AV.,ALFREDO BENAVIDES,ESPECIAL SOLIDARIDAD,3.9,1
8625,N64,27,6,AV.,OSCAR R. BENAVIDES,HOLREX,1.5,7
8626,N64,25,5,AV.,OSCAR R. BENAVIDES,HOLREX,1.7,7
8628,N04,51,10,AV.,CMDTE. ESPINAR,GRUPO ORION,3.9,3
8634,N24,33,8,AV.,PETIT THOUARS,URANO TOURS SA.,1.3,1
8638,N24,49,7,AV.,JOSE LARCO,TRANSLIMA SA.,2.6,3
8654,N67,38,8,AV.,OSCAR R. BENAVIDES,TRANSLIMA SA.,2.7,2
8655,N61,60,4,AV.,PASEO DE LA REPUBLICA,AQUARIUS SAC,1.8,0
8677,N67,49,2,CA.,DOS DE MAYO,TRANSVESA,3.1,8
8678,N24,28,5,AV.,OSCAR R. BENAVIDES,URANO TOURS SA.,3.0,7
8684,N50,50,7,CA.,DOS DE MAYO,TRANSVESA,1.5,8
8686,N22,44,9,AV.,OSCAR R. BENAVIDES,HOLREX,2.6,3
8687,N61,37,7,AV.,ALFREDO BENAVIDES,HOLREX,2.8,6
8688,N61,57,5,AV.,ALFREDO BENAVIDES,SAN ANTONIO,1.8,0
8690,N22,37,8,AV.,OSCAR R. BENAVIDES,HOLREX,1.2,2
8691,N24,29,9,AV.,PETIT THOUARS,ATCR S.A,2.6,7
8692,N24,58,9,AV.,ALFREDO BENAVIDES,URANO TOURS SA.,3.9,0
8700,N67,59,9,AV.,PETIT THOUARS,UNIDOS CHAMA,3.9,0
8711,N22,46,9,AV.,OSCAR R. BENAVIDES,HOLREX,1.4,3
8720,N61,27,3,CA.,DOS DE MAYO,STAR TOURS,1.2,7
8721,N04,58,4,CA.,PIURA,GRUPO ORION,2.8,0
8722,N24,38,7,AV.,ALFREDO BENAVIDES,VIRGEN DE COPACABANA,2.0,2
8725,N34,50,11,AV.,ALFREDO BENAVIDES,HOLREX,2.9,3
8734,N67,55,2,AV.,ALFREDO BENAVIDES,GRUPO ORION,2.5,8
8743,N61,49,4,AV.,ALFREDO BENAVIDES,GRUPO ORION,2.5,8
8744,N24,36,3,AV.,OSCAR R. BENAVIDES,TRANSLIMA SA.,1.8,6
8746,N61,53,9,AV.,ALFREDO BENAVIDES,GRUPO ORION,3.2,8
8755,N01,20,8,AV.,PETIT THOUARS,ESPECIAL SOLIDARIDAD,2.1,9
8758,N01,25,6,AV.,OSCAR R. BENAVIDES,ETUNIJESA,2.1,7
8762,N24,37,8,AV.,ALFREDO BENAVIDES,URANO TOURS SA.,1.7,2
8765,N61,21,1,AV.,ALFREDO BENAVIDES,URANO TOURS SA.,1.8,5
8769,N61,35,10,AV.,ALFREDO BENAVIDES,SAN ANTONIO,2.6,1
8774,N61,35,5,AV.,PETIT THOUARS,ESPECIAL SOLIDARIDAD,3.2,6
8777,N33,46,4,AV.,JOSE LARCO,GRUPO ORION,2.4,4
8778,N33,18,5,AV.,JOSE LARCO,GRUPO ORION,1.9,5
8781,N67,34,10,AV.,ALFREDO BENAVIDES,GRUPO ORION,2.2,1
8788,N05,57,5,AV.,JOSE PARDO,STO. CRISTO DE PACHACAMILLA,1.5,0
8789,N24,42,4,AV.,ALFREDO BENAVIDES,VIRGEN DE COPACABANA,2.0,4
8790,N61,57,1,AV.,ALFREDO BENAVIDES,ESPECIAL SOLIDARIDAD,3.2,8
8792,N61,49,11,AV.,ALFREDO BENAVIDES,GRUPO ORION,1.8,3
8794,N61,47,6,AV.,JOSE PARDO,GRUPO ORION,3.3,3
8800,N56A,35,9,AV.,ANGAMOS OESTE,MIRAFLORES MONTERRICO,2.2,1
8805,N01,23,8,AV.,ALFREDO BENAVIDES,URANO TOURS SA.,3.3,9
8806,N61,47,6,AV.,ALFREDO BENAVIDES,GRUPO ORION,3.3,3
8812,N24,20,4,AV.,ALFREDO BENAVIDES,URANO TOURS SA.,3.0,5
8816,N24,22,5,AV.,ALFREDO BENAVIDES,URANO TOURS SA.,2.0,5
8823,N56A,41,9,AV.,ANGAMOS OESTE,MIRAFLORES MONTERRICO,1.2,2
8824,N01,32,12,AV.,PETIT THOUARS,SAN SEBASTIAN S.A,3.5,1
8825,N01,44,9,CA.,DOS DE MAYO,ESPECIAL SOLIDARIDAD,2.3,3
8827,N56A,52,11,AV.,ANGAMOS OESTE,TRANSPORTES ANGAMOS,3.7,3
8828,N56A,35,8,AV.,ANGAMOS OESTE,TRANSPORTES ANGAMOS,1.9,1
8829,N56A,38,6,AV.,GNRAL. CORDOVA,UNIDOS CHAMA,1.8,2
8832,N24,21,9,AV.,PETIT THOUARS,ESPECIAL SOLIDARIDAD,3.3,9
8848,N67,60,2,AV.,PASEO DE LA REPUBLICA,UNIDOS CHAMA,2.1,0
8849,N34,58,8,AV.,ALFREDO BENAVIDES,GRUPO ORION,3.6,0
8850,N24,21,11,AV.,JOSE LARCO,URANO TOURS SA.,1.5,9
8851,N40,36,8,AV.,PASEO DE LA REPUBLICA,AQUARIUS SAC,3.1,2
8873,N01,26,6,CA.,DOS DE MAYO,SAN SEBASTIAN S.A,3.5,7
8878,N01,22,10,AV.,PASEO DE LA REPUBLICA,GRUPO ORION,2.4,9
8879,N24,20,7,AV.,JOSE LARCO,VIRGEN DE COPACABANA,2.9,5
8881,N24,57,5,AV.,PETIT THOUARS,URANO TOURS SA.,3.1,0
8882,N24,23,9,AV.,JOSE LARCO,URANO TOURS SA.,2.7,9
8888,N01,45,8,AV.,JOSE LARCO,VIRGEN DE COPACABANA,2.1,3
8901,N61,42,1,AV.,PETIT THOUARS,SAN PEDRO,3.7,4
8921,N01,21,8,AV.,ALFREDO BENAVIDES,VIRGEN DE COPACABANA,1.4,5
8922,N24,44,8,AV.,PETIT THOUARS,URANO TOURS SA.,2.1,4
8929,N71,58,5,CA.,HIPOLITO UNANUE,MIRAFLORES MONTERRICO,3.8,0
8930,N67,37,10,AV.,ANGAMOS ESTE,MIRAFLORES MONTERRICO,3.4,2
8939,N67,30,7,AV.,PASEO DE LA REPUBLICA,NUEVA AMERICA SA,2.8,7
8950,N50,22,9,AV.,PETIT THOUARS,TRANSVESA,3.7,9
8952,N16,48,5,AV.,PETIT THOUARS,25 DE SETIEMBRE,2.8,4
8953,N24,58,6,AV.,OSCAR R. BENAVIDES,VIRGEN DE COPACABANA,2.6,0
8963,N01,39,7,AV.,ALFREDO BENAVIDES,VIRGEN DE COPACABANA,3.2,2
8983,N61,35,0,AV.,JOSE LARCO,GRUPO ORION,2.9,6
8985,N01,37,10,AV.,PETIT THOUARS,ATCR S.A,2.3,2
9006,N56A,19,4,AV.,ALFREDO BENAVIDES,GRUPO SALAMANCA,2.7,5
9007,N56A,48,3,AV.,ALFREDO BENAVIDES,UNIDOS CHAMA,2.6,8
9015,N56A,59,6,AV.,ALFREDO BENAVIDES,AQUARIUS SAC,3.2,0
9020,N61,58,9,AV.,PETIT THOUARS,URANO TOURS SA.,3.0,0
9023,N61,53,5,OV.,DE MIRAFLORES,GRUPO ORION,3.3,8
9029,N24,56,9,AV.,PETIT THOUARS,SAN PEDRO,1.5,0
9034,N61,24,10,AV.,ALFREDO BENAVIDES,GRUPO ORION,3.1,9
9035,N01,46,5,AV.,ALFREDO BENAVIDES,VIRGEN DE COPACABANA,1.2,4
9037,N24,19,7,AV.,DIEZ CANSECO,GRUPO ORION,3.6,5
9045,N48,44,12,CA.,MARIANO MELGAR,TRANSPORTES ANGAMOS,3.3,3
9049,N61,20,6,AV.,ALFREDO BENAVIDES,VIRGEN DE COPACABANA,1.5,5
9053,N40,20,8,AV.,ALFREDO BENAVIDES,ESPECIAL SOLIDARIDAD,2.7,5
9055,N01,40,3,AV.,ALFREDO BENAVIDES,ESPECIAL SOLIDARIDAD,2.6,4
9058,N34,21,6,AV.,OSCAR R. BENAVIDES,GRUPO ORION,1.5,5
9059,N24,20,6,AV.,ALFREDO BENAVIDES,URANO TOURS SA.,2.1,5
9060,N34,44,11,AV.,OSCAR R. BENAVIDES,UNIDOS CHAMA,3.9,3
9061,N50,38,7,CA.,GNRAL. SUAREZ,AQUARIUS SAC,2.3,2
9067,N24,32,7,AV.,ALFREDO BENAVIDES,VIRGEN DE COPACABANA,1.7,7
9068,N24,54,1,AV.,ALFREDO BENAVIDES,VIRGEN DE COPACABANA,2.9,8
9069,N24,51,8,AV.,ALFREDO BENAVIDES,URANO TOURS SA.,3.9,8
9070,N24,30,3,AV.,ALFREDO BENAVIDES,URANO TOURS SA.,2.0,7
9071,N05,28,11,AV.,OSCAR R. BENAVIDES,ESPECIAL SOLIDARIDAD,3.9,1
9072,N50,31,10,AV.,MARISCAL LA MAR,MIGUEL GRAU,2.8,1
9081,N24,51,3,AV.,ALFREDO BENAVIDES,URANO TOURS SA.,3.1,8
9082,N24,28,7,AV.,ALFREDO BENAVIDES,URANO TOURS SA.,1.4,7
9084,N34,23,10,AV.,ALFREDO BENAVIDES,GRUPO ORION,2.4,9
9087,N34,54,10,AV.,ANGAMOS OESTE/CMDTE. ESPINAR,GRUPO ORION,2.3,0
9089,N24,46,8,AV.,ALFREDO BENAVIDES,URANO TOURS SA.,2.7,3
9091,N61,43,7,CA.,DOS DE MAYO,MIGUEL GRAU,1.4,4
9092,N61,43,4,CA.,DOS DE MAYO,MIGUEL GRAU,2.7,4
9093,N53,55,7,AV.,PETIT THOUARS,UNIDOS CHAMA,3.0,0
9095,N67,20,2,AV.,PETIT THOUARS,GRUPO ORION,1.8,5
9096,N67,44,5,CA.,DOS DE MAYO,GRUPO ORION,2.1,4
9098,N61,33,3,AV.,DIEZ CANSECO,GRUPO ORION,1.5,6
9103,N24,58,6,AV.,ALFREDO BENAVIDES,VIRGEN DE COPACABANA,1.7,0
9104,N01,21,7,AV.,ALFREDO BENAVIDES,VIRGEN DE COPACABANA,2.9,5
9106,N24,47,8,AV.,OSCAR R. BENAVIDES,URANO TOURS SA.,1.4,3
9110,N24,42,6,AV.,ALFREDO BENAVIDES,URANO TOURS SA.,3.4,4
9134,N67,42,11,AV.,DEL EJERCITO,AQUARIUS SAC,3.7,2
9136,N24,47,5,AV.,PETIT THOUARS,ETUNIJESA,1.5,4
9138,N67,20,6,CA.,DOS DE MAYO,HOGAR TOURS,1.9,5
9139,N24,44,4,AV.,ALFREDO BENAVIDES,URANO TOURS SA.,1.6,4
9140,N67,41,4,CA.,DOS DE MAYO,STAR TOURS,2.7,4
9141,N24,23,8,AV.,PETIT THOUARS,VIRGEN DE COPACABANA,1.6,9
9145,N67,45,5,CA.,DOS DE MAYO,AQUARIUS SAC,3.0,4
9159,N67,54,2,AV.,ALFREDO BENAVIDES,STO. CRISTO DE PACHACAMILLA,2.8,8
9164,N24,44,9,AV.,ALFREDO BENAVIDES,URANO TOURS SA.,3.1,3
9165,N67,50,11,AV.,PETIT THOUARS,MIGUEL GRAU,1.2,3
9166,N61,22,12,AV.,ALFREDO BENAVIDES,GRUPO ORION,3.2,9
9171,N01,32,5,AV.,ALFREDO BENAVIDES,URANO TOURS SA.,2.8,6
9172,N24,40,4,AV.,PETIT THOUARS,ESPECIAL SOLIDARIDAD,3.0,4
9175,N50,59,7,CA.,GNRAL. MENDIBURU,MIRAFLORES MONTERRICO,2.1,0
9182,N61,55,10,AV.,PETIT THOUARS,ESPECIAL SOLIDARIDAD,3.0,0
9183,N71,46,10,CA.,CRNEL. INCLAN,ATCR S.A,3.9,3
9194,N24,59,7,AV.,ALFREDO BENAVIDES,VIRGEN DE COPACABANA,2.3,0
9203,N61,35,12,AV.,DIEZ CANSECO,GRUPO ORION,2.6,1
9205,N24,50,10,CA.,ALCANFORES,GRUPO ORION,3.2,3
9207,N61,38,8,CA.,MARIANO MELGAR,TABLADA 2000,4.0,2
9219,N24,57,7,CA.,DOS DE MAYO,URANO TOURS SA.,3.9,0
9220,N24,23,8,AV.,PASEO DE LA REPUBLICA,GRUPO ORION,3.1,9
9221,N24,47,9,AV.,PETIT THOUARS,ESPECIAL SOLIDARIDAD,3.7,3
9222,N24,36,11,AV.,PETIT THOUARS,GRUPO ORION,3.0,2
9223,N24,28,5,AV.,PETIT THOUARS,ESPECIAL SOLIDARIDAD,1.4,7
9229,N34,32,3,AV.,ALFREDO BENAVIDES,ESPECIAL SOLIDARIDAD,2.4,6
9230,N61,48,7,AV.,PETIT THOUARS,URANO TOURS SA.,3.5,8
9231,N67,27,9,AV.,ALFREDO BENAVIDES,GRUPO ORION,3.4,7
9237,N61,35,9,AV.,ALFREDO BENAVIDES,GRUPO ORION,4.0,1
9239,N24,44,3,AV.,PETIT THOUARS,ESPECIAL SOLIDARIDAD,2.2,4
9240,N24,30,8,CA.,GNRAL. VIDAL,ESPECIAL SOLIDARIDAD,2.2,1
9241,N67,37,5,AV.,ALFREDO BENAVIDES,ESPECIAL SOLIDARIDAD,3.6,6
9242,N61,48,3,AV.,ALFREDO BENAVIDES,ESPECIAL SOLIDARIDAD,1.3,8
9244,N61,52,6,AV.,JOSE LARCO,VIRGEN DE COPACABANA,3.8,8
9245,N34,49,4,AV.,ALFREDO BENAVIDES,HOLDING EXPRESS,3.5,8
9246,N61,23,9,AV.,ALFREDO BENAVIDES,ESPECIAL SOLIDARIDAD,3.8,9
9249,N61,50,2,AV.,ALFREDO BENAVIDES,URANO TOURS SA.,2.3,8
9250,N24,38,5,AV.,PETIT THOUARS,URANO TOURS SA.,2.3,4
9251,N67,35,10,AV.,ALFREDO BENAVIDES,ESPECIAL SOLIDARIDAD,2.5,1
9258,N61,27,5,AV.,JOSE LARCO,VIRGEN DE COPACABANA,1.7,7
9259,N61,19,9,AV.,ALFREDO BENAVIDES,GRUPO ORION,3.0,5
9261,N40,36,8,AV.,ALFREDO BENAVIDES,ESPECIAL SOLIDARIDAD,4.0,1
9264,N67,46,5,AV.,ALFREDO BENAVIDES,GRUPO ORION,3.5,4
9279,N61,60,9,AV.,ALFREDO BENAVIDES,ESPECIAL SOLIDARIDAD,3.0,0
9281,N61,36,11,AV.,ALFREDO BENAVIDES,GRUPO ORION,2.4,1
9291,N24,55,1,AV.,PETIT THOUARS,URANO TOURS SA.,2.8,8
9292,N61,46,8,AV.,JOSE PARDO,VIRGEN DE COPACABANA,3.2,3
9293,N40,34,12,AV.,ALFREDO BENAVIDES,ESPECIAL SOLIDARIDAD,3.2,1
9297,N01,54,9,AV.,JOSE PARDO,VIRGEN DE COPACABANA,1.7,0
9302,N24,25,10,AV.,PETIT THOUARS,GRUPO ORION,3.8,9
9303,N61,51,7,AV.,ALFREDO BENAVIDES,URANO TOURS SA.,3.0,8
9309,N67,23,7,AV.,ANGAMOS OESTE,MIRAFLORES MONTERRICO,1.5,9
9311,N71,49,12,AV.,DIEZ CANSECO,GRUPO ORION,2.7,3
9313,N50,58,6,CA.,DOS DE MAYO,GRUPO ORION,3.9,0
9317,N67,29,3,AV.,GNRAL. CORDOVA,TABLADA 2000,3.1,7
9323,N61,46,11,CA.,DOS DE MAYO,TRANSVESA,1.3,3
9331,N67,22,4,CA.,DOS DE MAYO,GRUPO ORION,2.8,5
9332,N01,46,9,AV.,DIEZ CANSECO,ESPECIAL SOLIDARIDAD,2.9,3
9333,N61,44,4,AV.,GNRAL. CORDOVA,MIRAFLORES MONTERRICO,3.8,4
9338,N24,22,9,AV.,PETIT THOUARS,URANO TOURS SA.,2.5,9
9340,N24,34,8,AV.,ALFREDO BENAVIDES,URANO TOURS SA.,2.9,1
9351,N71,46,8,AV.,GNRAL. CORDOVA,GRUPO ORION,1.6,3
9355,N44,30,7,AV.,OSCAR R. BENAVIDES,ESPECIAL SOLIDARIDAD,1.5,1
9356,N24,46,6,AV.,ALFREDO BENAVIDES,URANO TOURS SA.,4.0,4
9360,N71,44,7,CA.,DOS DE MAYO,SINCHIROCA,1.7,4
9367,N24,28,6,AV.,DEL EJERCITO,VIRGEN DE COPACABANA,2.3,7
9369,N01,38,1,CA.,DOS DE MAYO,SAN SEBASTIAN S.A,3.3,6
9370,N01,44,7,AV.,PETIT THOUARS,ESPECIAL SOLIDARIDAD,3.2,4
9372,N34,38,5,AV.,GNRAL. CORDOVA,TABLADA 2000,2.5,6
9373,N24,48,10,AV.,PETIT THOUARS,ATCR S.A,2.2,3
9374,N50,53,5,AV.,GNRAL. CORDOVA,TRANSPORTES ANGAMOS,1.8,8
9378,N24,46,7,AV.,ALFREDO BENAVIDES,URANO TOURS SA.,2.7,3
9379,N24,31,9,AV.,OSCAR R. BENAVIDES,VIRGEN DE COPACABANA,1.7,1
9380,N61,50,10,AV.,OSCAR R. BENAVIDES,URANO TOURS SA.,2.7,3
9386,N67,41,5,AV.,PETIT THOUARS,MIGUEL GRAU,2.1,4
9390,N50,37,4,AV.,ANGAMOS OESTE,TABLADA 2000,1.7,6
9397,N71,41,2,AV.,ANGAMOS OESTE,LOS ANGELES DEL PERU SAC.,2.4,4
9402,N01,48,6,AV.,PETIT THOUARS,SAN SEBASTIAN S.A,3.0,3
9404,N24,38,5,AV.,PETIT THOUARS,ESPECIAL SOLIDARIDAD,2.1,2
9407,N61,57,10,AV.,ANGAMOS ESTE,ATCR S.A,2.9,0
9408,N50,43,9,CA.,HIPOLITO UNANUE,MIRAFLORES MONTERRICO,3.2,2
9416,N67,35,8,CA.,ARICA,ETUPSA 73,1.6,1
9421,N50,21,9,AV.,ANGAMOS ESTE,ETSEMURV SAC,1.3,9
9427,N71,28,3,CA.,GNRAL. VARELA,EDILBERTO RAMOS SAC,1.7,7
9428,N24,26,6,AV.,ANGAMOS OESTE,GRUPO ORION,1.5,7
9430,N24,60,2,AV.,ALFREDO BENAVIDES,URANO TOURS SA.,1.4,0
9434,N50,46,4,AV.,PETIT THOUARS,25 DE SETIEMBRE,3.5,4
9435,N24,60,8,AV.,JOSE PARDO,ESPECIAL SOLIDARIDAD,1.4,0
9441,N71,52,10,CA.,HIPOLITO UNANUE,MIRAFLORES MONTERRICO,3.8,3
9445,N67,23,8,AV.,ANGAMOS OESTE,NUEVO HORIZONTE,3.9,9
9446,N24,39,8,AV.,JOSE PARDO,VIRGEN DE COPACABANA,2.7,2
9447,N24,36,6,CA.,FEDERICO VILLAREAL,GRUPO ORION,2.3,6
9449,N61,19,5,AV.,ANGAMOS ESTE,SINCHIROCA,1.6,5
9450,N61,48,6,AV.,ANGAMOS OESTE,SINCHIROCA,1.6,8
9464,N24,22,8,AV.,ANGAMOS OESTE,GRUPO ORION,2.8,5
9468,N71,25,10,AV.,ANGAMOS OESTE,ATCR S.A,1.6,9
9469,N24,59,9,AV.,ANGAMOS OESTE,ATCR S.A,2.0,0
9470,N71,19,13,CA.,HIPOLITO UNANUE,MIRAFLORES MONTERRICO,1.9,9
9472,N24,34,13,AV.,ANGAMOS OESTE,GRUPO ORION,3.7,1
9473,N61,28,6,AV.,ALFREDO BENAVIDES,ESPECIAL SOLIDARIDAD,3.9,7
9478,N24,60,9,AV.,JOSE PARDO,VIRGEN DE COPACABANA,2.1,0
9479,N24,50,10,AV.,JOSE PARDO,URANO TOURS SA.,2.8,3
9481,N24,27,4,AV.,ANGAMOS OESTE,LOS ANGELES DEL PERU SAC.,2.5,7
9483,N34,52,3,AV.,GNRAL. CORDOVA,MIRAFLORES MONTERRICO,2.4,8
9484,N01,20,6,AV.,JOSE PARDO,VIRGEN DE COPACABANA,1.3,5
9485,N67,24,9,AV.,ALFREDO BENAVIDES,GRUPO ORION,3.7,9
9486,N71,45,1,AV.,ANGAMOS OESTE,ATCR S.A,2.7,4
9487,N04,19,4,CA.,HIPOLITO UNANUE,MIRAFLORES MONTERRICO,1.7,5
9488,N24,36,12,AV.,ALFREDO BENAVIDES,UNIDOS CHAMA,3.1,2
9490,N24,25,7,AV.,ANGAMOS OESTE,LOS ANGELES DEL PERU SAC.,3.0,7
9502,N67,50,4,AV.,ALFREDO BENAVIDES,GRUPO ORION,1.8,8
9508,N67,57,8,AV.,ALFREDO BENAVIDES,STO. CRISTO DE PACHACAMILLA,1.5,0
9509,N24,53,4,AV.,ANGAMOS OESTE,GRUPO ORION,2.7,8
9510,N50,25,9,AV.,ANGAMOS OESTE,MIRAFLORES MONTERRICO,1.7,9
9512,N50,19,8,CA.,GONZALES PRADA,TRANSVESA,2.0,5
9513,N01,60,2,AV.,PETIT THOUARS,ESPECIAL SOLIDARIDAD,4.0,0
9515,N24,37,1,AV.,JOSE PARDO,URANO TOURS SA.,3.6,6
9517,N71,46,12,AV.,RICARDO PALMA,HOLDING EXPRESS,2.6,3
9518,N01,60,10,OV.,GUTIERREZ,HOLDING EXPRESS,2.5,0
9519,N50,44,8,AV.,ANGAMOS OESTE,ETSEMURV SAC,3.9,4
9520,N61,27,10,AV.,ALFREDO BENAVIDES,GRUPO ORION,2.7,1
9522,N71,56,7,AV.,DIEZ CANSECO,ESPECIAL SOLIDARIDAD,2.0,0
9523,N61,36,9,AV.,ALFREDO BENAVIDES,GRUPO ORION,3.6,6
9524,N24,26,3,AV.,ALFREDO BENAVIDES,VIRGEN DE COPACABANA,2.8,7
9525,N01,34,6,AV.,JOSE PARDO,VIRGEN DE COPACABANA,3.4,6
9526,N01,51,5,AV.,ALFREDO BENAVIDES,VIRGEN DE COPACABANA,2.3,8
9527,N34,28,3,AV.,ALFREDO BENAVIDES,GRUPO ORION,3.2,7
9531,N24,56,11,AV.,JOSE PARDO,ESPECIAL SOLIDARIDAD,1.2,0
9532,N24,54,11,AV.,PETIT THOUARS,LOS ANGELES DEL PERU SAC.,3.3,0
9545,N40,43,9,AV.,OSCAR R. BENAVIDES,ESPECIAL SOLIDARIDAD,2.5,3
9548,N01,34,4,AV.,PETIT THOUARS,ESPECIAL SOLIDARIDAD,1.7,6
9552,N61,36,5,AV.,PETIT THOUARS,ATCR S.A,1.9,6
9553,N71,33,4,AV.,ANGAMOS OESTE,SAGRADO CORAZON,2.7,6
9554,N24,53,6,AV.,PETIT THOUARS,ESPECIAL SOLIDARIDAD,3.7,8
9556,N24,20,9,AV.,OSCAR R. BENAVIDES,URANO TOURS SA.,1.6,9
9558,N67,43,4,AV.,PASEO DE LA REPUBLICA,NUEVA AMERICA SA,1.3,4
9560,N67,45,5,AV.,ANGAMOS OESTE,ET. FOCAM SA.,3.6,4
9564,N24,40,8,AV.,ALFREDO BENAVIDES,VIRGEN DE COPACABANA,3.6,2
9565,N01,46,7,AV.,OSCAR R. BENAVIDES,VIRGEN DE COPACABANA,3.3,3
9568,N71,29,11,AV.,ALFREDO BENAVIDES,TRANSCATEL,2.4,1
9571,N33,19,10,OV.,DE MIRAFLORES,UNIDOS CHAMA,1.4,9
9580,N67,33,5,AV.,ALFREDO BENAVIDES,GRUPO ORION,2.8,6
9584,N50,40,5,AV.,ANGAMOS OESTE,MIRAFLORES MONTERRICO,1.3,4
9588,N67,19,4,AV.,PASEO DE LA REPUBLICA,UNIDOS CHAMA,2.7,5
9593,N16,50,8,AV.,PASEO DE LA REPUBLICA,PAMELA S.A,3.8,3
9594,N61,44,8,AV.,ANGAMOS OESTE,GRUPO ORION,2.1,4
9595,N67,50,8,AV.,ALFREDO BENAVIDES,GRUPO ORION,3.5,3
9596,N24,40,10,AV.,JOSE PARDO,GRUPO ORION,1.3,2
9597,N24,38,9,AV.,DEL EJERCITO,VIRGEN DE COPACABANA,2.3,2
9599,N24,51,8,AV.,ALFREDO BENAVIDES,URANO TOURS SA.,2.5,8
9600,N24,51,2,AV.,JOSE PARDO,URANO TOURS SA.,3.4,8
9602,N67,42,5,CA.,DOS DE MAYO,STAR TOURS,4.0,4
9611,N24,36,9,AV.,OSCAR R. BENAVIDES,VIRGEN DE COPACABANA,2.0,2
9612,N01,53,5,AV.,ALFREDO BENAVIDES,VIRGEN DE COPACABANA,3.3,8
9613,N01,50,7,AV.,DEL EJERCITO,VIRGEN DE COPACABANA,3.1,8
9614,N24,43,5,AV.,JOSE PARDO,VIRGEN DE COPACABANA,2.7,4
9616,N24,56,8,CA.,TARAPACA,ESPECIAL SOLIDARIDAD,2.1,0
9620,N34,26,1,AV.,ALFREDO BENAVIDES,GRUPO ORION,3.7,7
9630,N24,42,12,AV.,PETIT THOUARS,ESPECIAL SOLIDARIDAD,3.6,2
9631,N67,18,4,AV.,ALFREDO BENAVIDES,GRUPO ORION,2.8,5
9633,N01,46,5,AV.,PETIT THOUARS,RAPIDO MUSA SA.,2.3,4
9639,N44,22,8,AV.,JOSE LARCO,ESPECIAL SOLIDARIDAD,3.8,9
9646,N71,44,6,CA.,SCHELL,VIRGEN DE COPACABANA,1.7,4
9647,N24,40,9,AV.,JOSE LARCO,VIRGEN DE COPACABANA,2.6,2
9649,N01,20,11,AV.,JOSE LARCO,EL PROGRESO S.A,3.2,9
9673,N44,58,7,AV.,JOSE LARCO,ESPECIAL SOLIDARIDAD,3.8,0
9675,N40,56,3,AV.,JOSE LARCO,TRANSLIMA SA.,1.7,0
9709,N24,43,7,AV.,ALFREDO BENAVIDES,GRUPO ORION,3.1,4
9710,N34,49,3,AV.,ALFREDO BENAVIDES,GRUPO ORION,3.5,8
9729,N53,58,6,AV.,JOSE LARCO,ESPECIAL SOLIDARIDAD,2.2,0
9731,N24,24,8,AV.,JOSE LARCO,TRANSLIMA SA.,2.0,9
9743,N24,57,12,AV.,JOSE LARCO,VIRGEN DE COPACABANA,2.8,0
9764,N24,48,5,AV.,JOSE PARDO,TRANSLIMA SA.,2.3,3
9767,N24,23,9,AV.,JOSE PARDO,ESPECIAL SOLIDARIDAD,2.8,9
9771,N71,45,8,AV.,ALFREDO BENAVIDES,ETUNIJESA,1.3,3
9773,N50,46,6,AV.,ALFREDO BENAVIDES,CUARENTA INTEGRADA,1.3,3
9774,N01,40,8,AV.,OSCAR R. BENAVIDES,EL PROGRESO S.A,3.9,2
9776,N24,52,5,AV.,ALFREDO BENAVIDES,URANO TOURS SA.,3.3,8
9783,N01,49,4,AV.,ALFREDO BENAVIDES,VIRGEN DE COPACABANA,3.8,8
9784,N24,59,6,AV.,ALFREDO BENAVIDES,VIRGEN DE COPACABANA,2.2,0
9788,N50,49,8,AV.,ALFREDO BENAVIDES,GRUPO ORION,3.8,3
9792,N24,51,8,AV.,ALFREDO BENAVIDES,VIRGEN DE COPACABANA,2.6,3
9796,N61,51,8,AV.,OSCAR R. BENAVIDES,TRANSLIMA SA.,1.4,8
9806,N01,57,4,AV.,PETIT THOUARS,SAN SEBASTIAN S.A,3.8,0
9809,N40,21,4,AV.,ALFREDO BENAVIDES,ESPECIAL SOLIDARIDAD,1.5,5
9812,N40,59,7,AV.,ALFREDO BENAVIDES,ESPECIAL SOLIDARIDAD,3.8,0
9814,N44,39,5,CA.,TARAPACA,ETSEMURV SAC,2.5,2
9815,N24,42,3,CA.,GNRAL. VARELA,NUEVO HORIZONTE,3.5,4
9816,N24,25,7,AV.,RICARDO PALMA,GRUPO ORION,1.7,7
9817,N61,32,7,CA.,ARICA,ETUPSA 73,3.5,1
9818,N71,27,5,CA.,GONZALES PRADA,ET. FOCAM SA.,3.1,7
9819,N34,24,7,AV.,GNRAL. CORDOVA,MIRAFLORES MONTERRICO,2.8,9
9821,N24,41,7,AV.,LA PAZ,HOGAR TOURS,1.8,2
9822,N34,54,7,AV.,ALFREDO BENAVIDES,GRUPO ORION,1.5,0
9823,N24,47,6,AV.,ALFREDO BENAVIDES,URANO TOURS SA.,3.4,3
9824,N24,46,6,CA.,ALMTE. MONTERO,SINCHIROCA,2.7,4
9825,N67,30,7,AV.,ALFREDO BENAVIDES,GRUPO ORION,3.6,7
9827,N34,35,3,AV.,ALFREDO BENAVIDES,GRUPO ORION,1.5,6
9828,N24,33,7,AV.,ALFREDO BENAVIDES,VIRGEN DE COPACABANA,2.1,1
9829,N67,42,9,AV.,ALFREDO BENAVIDES,GRUPO ORION,3.8,2
9831,N67,43,5,AV.,JOSE LARCO,STO. CRISTO DE PACHACAMILLA,1.5,4
9832,N24,23,8,AV.,ALFREDO BENAVIDES,VIRGEN DE COPACABANA,2.4,9
9833,N24,28,7,AV.,ALFREDO BENAVIDES,VIRGEN DE COPACABANA,3.2,7
9834,N24,53,4,AV.,JOSE PARDO,VIRGEN DE COPACABANA,2.9,8
9837,N67,20,4,CA.,DOS DE MAYO,GRUPO ORION,1.7,5
9857,N71,23,5,AV.,ANGAMOS OESTE,TRANSPORTES ANGAMOS,3.9,5
9858,N24,36,5,AV.,ALFREDO BENAVIDES,URANO TOURS SA.,1.8,6
9859,N24,43,8,AV.,PETIT THOUARS,ESPECIAL SOLIDARIDAD,3.9,4
9860,N24,45,3,AV.,PASEO DE LA REPUBLICA,URANO TOURS SA.,3.8,4
9861,N24,54,8,CA.,DOS DE MAYO,URANO TOURS SA.,1.6,0
9862,N24,43,8,AV.,ALFREDO BENAVIDES,URANO TOURS SA.,1.9,4
9863,N24,44,10,AV.,JOSE LARCO,TRANSLIMA SA.,2.8,3
9864,N67,24,5,CA.,DOS DE MAYO,TRANSVESA,3.2,5
9870,N01,39,8,AV.,ALFREDO BENAVIDES,VIRGEN DE COPACABANA,2.4,2
9873,N67,37,11,CA.,ENRIQUE PALACIOS,GRUPO ORION,3.4,2
9875,N50,43,5,AV.,ANGAMOS OESTE,SINCHIROCA,1.5,4
9877,N67,27,10,CA.,DOS DE MAYO,STAR TOURS,3.8,9
9879,N71,28,4,AV.,ALFREDO BENAVIDES,URANO TOURS SA.,2.9,7
9885,N24,35,4,AV.,PETIT THOUARS,ESPECIAL SOLIDARIDAD,3.3,6
9886,N01,33,6,AV.,JOSE PARDO,ESPECIAL SOLIDARIDAD,2.3,1
9887,N50,41,9,AV.,GNRAL. CORDOVA,MIRAFLORES MONTERRICO,3.7,2
9889,N61,49,9,AV.,OSCAR R. BENAVIDES,GRUPO ORION,3.6,3
9893,N50,27,7,AV.,ANGAMOS OESTE,ETSEMURV SAC,2.3,7
9894,N34,26,8,AV.,GNRAL. CORDOVA,TABLADA 2000,2.5,7
9895,N24,38,13,AV.,ALFREDO BENAVIDES,URANO TOURS SA.,2.7,2
9899,N01,51,8,AV.,ANGAMOS OESTE,TRANSCATEL,1.3,8
9900,N24,22,11,AV.,ANGAMOS OESTE,LOS ANGELES DEL PERU SAC.,3.4,9
9902,N71,36,9,AV.,ANGAMOS OESTE,CONSORCIO GENESIS,2.1,2
9903,N50,39,7,AV.,GNRAL. CORDOVA,TRANSPORTES ANGAMOS,2.4,2
9908,N50,33,5,AV.,OSCAR R. BENAVIDES,ESPECIAL SOLIDARIDAD,3.3,6
9910,N01,31,8,AV.,CMDTE. ESPINAR,SAN SEBASTIAN S.A,2.8,1
9911,N34,19,10,AV.,GNRAL. CORDOVA,MIRAFLORES MONTERRICO,2.2,9
9913,N24,31,13,AV.,PETIT THOUARS,ESPECIAL SOLIDARIDAD,1.8,1
9916,N24,32,7,AV.,CMDTE. ESPINAR,URANO TOURS SA.,3.6,1
9918,N61,36,5,AV.,JOSE LARCO,TRANSLIMA SA.,2.7,6
9920,N24,45,7,AV.,PETIT THOUARS,URANO TOURS SA.,2.7,4
9922,N61,31,4,AV.,ANGAMOS ESTE,CORPORACION ALELUYA,2.2,6
9924,N24,32,8,AV.,CASIMIRO ULLOA,GRUPO ORION,3.0,1
9925,N67,47,9,AV.,PASEO DE LA REPUBLICA,36 SAN MARTIN DE PORRES,3.4,3
9926,N67,48,2,AV.,PASEO DE LA REPUBLICA,36 SAN MARTIN DE PORRES,2.8,8
9931,N34,40,7,AV.,ANGAMOS OESTE,ATCR S.A,3.5,2
9935,N61,43,7,AV.,PETIT THOUARS,URANO TOURS SA.,1.3,4
9937,N24,23,6,CA.,GONZALES PRADA,ESPECIAL SOLIDARIDAD,3.8,9
9940,N71,52,6,AV.,PETIT THOUARS,UNIDOS CHAMA,2.4,8
9942,N24,26,5,AV.,ANGAMOS OESTE,GRUPO ORION,3.9,7
9943,N24,58,12,AV.,ANGAMOS OESTE,GRUPO ORION,3.0,0
9946,N24,56,4,AV.,JOSE PARDO,ATCR S.A,3.9,0
9952,N24,51,11,AV.,ANGAMOS OESTE,GRUPO ORION,2.9,3
9954,N67,50,10,CA.,ENRIQUE PALACIOS,GRUPO SALAMANCA,1.9,3
9957,N61,18,7,AV.,ANGAMOS ESTE,ATCR S.A,2.0,5
9958,N24,21,7,AV.,CASIMIRO ULLOA,ESPECIAL SOLIDARIDAD,1.4,9
9970,N01,57,6,AV.,PETIT THOUARS,GRUPO ORION,1.4,0
9982,N67,39,5,AV.,PASEO DE LA REPUBLICA,UNIDOS CHAMA,1.7,2
9983,N24,51,7,AV.,JOSE LARCO,ATCR S.A,2.8,8
9984,N24,35,7,AV.,PETIT THOUARS,ESPECIAL SOLIDARIDAD,2.7,1
9985,N24,44,9,AV.,OSCAR R. BENAVIDES,VIRGEN DE COPACABANA,2.3,3
9986,N24,28,10,AV.,DEL EJERCITO,VIRGEN DE COPACABANA,1.4,7
9987,N24,48,10,AV.,JOSE LARCO,VIRGEN DE COPACABANA,3.7,3
9992,N44,39,6,AV.,ANGAMOS ESTE,SAGRADO CORAZON,2.4,2
9993,N71,21,10,AV.,DIEZ CANSECO,GRUPO ORION,3.9,9
9995,N71,59,6,PSJE.,OLAYA,GRUPO ORION,1.3,0
9997,N24,42,5,AV.,JOSE LARCO,VIRGEN DE COPACABANA,1.6,4
9998,N24,38,3,AV.,ANGAMOS OESTE,GRUPO ORION,3.8,6
10002,N61,36,6,AV.,RICARDO PALMA,GRUPO ORION,3.9,6
10003,N01,32,4,AV.,RICARDO PALMA,GRUPO ORION,3.1,6
10010,N56A,60,9,AV.,ANGAMOS OESTE,MIRAFLORES MONTERRICO,3.3,0
10011,N24,49,6,AV.,ALFREDO BENAVIDES,URANO TOURS SA.,2.2,8
10016,N24,29,6,AV.,PETIT THOUARS,GRUPO ORION,1.6,7
10022,N24,20,9,AV.,JOSE LARCO,URANO TOURS SA.,2.3,9
10026,N61,51,9,AV.,CMDTE. ESPINAR,GRUPO ORION,2.1,8
10027,N67,48,9,AV.,ANGAMOS OESTE,SEÃ‘OR DE LA SOLEDAD,1.5,3
10029,N24,56,8,AV.,CMDTE. ESPINAR,TRANSPORTES ANGAMOS,2.5,0
10031,N67,53,6,AV.,ANGAMOS OESTE,RAPIDO UNIVERSAL,2.7,8
10035,N01,29,7,AV.,ALFREDO BENAVIDES,VIRGEN DE COPACABANA,2.2,7
10036,N67,38,2,AV.,ANGAMOS OESTE,NUEVO HORIZONTE,2.1,6
10038,N24,50,4,AV.,ANGAMOS OESTE,GRUPO ORION,1.6,8
10039,N24,56,8,AV.,CASIMIRO ULLOA,GRUPO ORION,3.1,0
10041,N24,19,5,AV.,CASIMIRO ULLOA,CUARENTA INTEGRADA,1.9,5
10043,N67,25,8,AV.,CMDTE. ESPINAR,GRUPO ORION,1.8,9
10044,N67,43,4,AV.,JOSE PARDO,GRUPO ORION,1.8,4
10045,N67,28,5,AV.,ANGAMOS OESTE,ETUPSA 73,2.3,7
10046,N24,43,6,AV.,CMDTE. ESPINAR,ETUPSA 73,2.5,4
10048,N24,55,8,AV.,ANGAMOS OESTE,UNIDOS CHAMA,2.0,0
10057,N24,36,8,AV.,ANGAMOS OESTE,GRUPO ORION,2.5,2
10058,N24,54,5,AV.,ANGAMOS OESTE,GRUPO ORION,3.9,0
10060,N71,56,7,AV.,JOSE PARDO,GRUPO ORION,1.9,0
10065,N50,51,5,AV.,ANGAMOS OESTE,EDILBERTO RAMOS SAC,3.9,8
10067,N67,50,9,AV.,ANGAMOS OESTE,MIRAFLORES MONTERRICO,1.9,3
10068,N61,21,11,AV.,ANGAMOS OESTE,LOS ANGELES DEL PERU SAC.,2.9,9
10070,N01,59,10,AV.,JOSE LARCO,HOLDING EXPRESS,3.7,0
10072,N24,37,8,AV.,ANGAMOS OESTE,LOS ANGELES DEL PERU SAC.,1.3,2
10073,N61,22,6,AV.,DEL EJERCITO,GRUPO ORION,3.5,5
10076,N24,49,5,AV.,ANGAMOS OESTE,ATCR S.A,3.5,8
10078,N71,28,4,CA.,GNRAL. BORGOÃ‘O,ATCR S.A,1.5,7
10079,N71,50,10,CA.,GNRAL. BORGOÃ‘O,LOS ANGELES DEL PERU SAC.,3.3,3
10080,N67,49,5,AV.,A.BENAVIDES/CASIMIRO ULLOA,UNIDOS CHAMA,3.1,8
10083,N01,34,5,AV.,ALFREDO BENAVIDES,GRUPO ORION,3.5,6
10084,N67,33,6,OV.,DE MIRAFLORES,GRUPO ORION,3.6,6
10085,N24,42,8,AV.,ANGAMOS OESTE,GRUPO ORION,1.5,2
10086,N40,43,7,AV.,ANGAMOS OESTE,TRANSPORTES ANGAMOS,3.7,4
10090,N04,41,9,AV.,CMDTE. ESPINAR,GRUPO ORION,3.1,2
10091,N24,41,9,AV.,ANGAMOS OESTE,GRUPO ORION,2.8,2
10092,N24,26,6,AV.,ANGAMOS OESTE,GRUPO ORION,3.6,7
10095,N24,57,3,AV.,ANGAMOS OESTE,ATCR S.A,2.0,0
10096,N61,50,7,AV.,ANGAMOS OESTE,LOS ANGELES DEL PERU SAC.,2.4,8
10098,N67,27,9,AV.,PETIT THOUARS,UNIDOS CHAMA,3.8,9
10100,N50,27,4,AV.,ANGAMOS OESTE,TRANSPORTES ANGAMOS,2.4,7
10101,N24,49,6,AV.,CMDTE. ESPINAR,ATCR S.A,3.1,3
10102,N42,53,11,AV.,ANDRES AVELINO CACERES,AQUARIUS SAC,1.5,0
10103,N24,26,10,AV.,OSCAR R. BENAVIDES,VIRGEN DE COPACABANA,2.4,9
10105,N42,51,3,AV.,ANDRES AVELINO CACERES,AQUARIUS SAC,2.6,8
10109,N67,24,9,CA.,ENRIQUE PALACIOS,TRANSVESA,1.8,9
10111,N24,31,10,AV.,PETIT THOUARS,SAN PEDRO,2.8,1
10112,N24,24,9,AV.,OSCAR R. BENAVIDES,URANO TOURS SA.,2.6,9
10113,N67,42,7,AV.,CMDTE. ESPINAR,GRUPO ORION,1.8,4
10115,N67,36,6,AV.,PETIT THOUARS,GRUPO ORION,3.9,6
10116,N71,49,4,AV.,PASEO DE LA REPUBLICA,URANO TOURS SA.,3.6,8
10117,N24,24,6,AV.,PETIT THOUARS,VIRGEN DE COPACABANA,2.1,7
10118,N24,31,8,AV.,PETIT THOUARS,VIRGEN DE COPACABANA,2.7,7
10123,N71,36,1,AV.,ANGAMOS OESTE,GRUPO ORION,3.4,6
10125,N24,57,11,AV.,ANGAMOS OESTE,LOS ANGELES DEL PERU SAC.,2.7,0
10126,N24,31,8,AV.,ANGAMOS OESTE,GRUPO ORION,1.2,1
10127,N61,57,5,AV.,ANGAMOS OESTE,TRANSPORTES ANGAMOS,3.2,0
10128,N01,47,1,CA.,GNRAL. BORGOÃ‘O,LOS ANGELES DEL PERU SAC.,1.7,4
10140,N61,55,4,AV.,ANGAMOS OESTE,GRUPO ORION,2.1,8
10149,N67,56,13,AV.,ANGAMOS ESTE,MIRAFLORES MONTERRICO,1.9,0
10150,N24,45,13,CA.,DOS DE MAYO,URANO TOURS SA.,1.2,3
10151,N24,44,4,AV.,DOS DE MAYO,LOS ANGELES DEL PERU SAC.,3.7,4
10154,N67,39,10,AV.,ALFREDO BENAVIDES,GRUPO ORION,1.5,2
10155,N71,23,10,AV.,ALFREDO BENAVIDES,GRUPO ORION,1.9,9
10156,N48,28,4,AV.,ANGAMOS ESTE,ATCR SA.,1.2,7
10159,N24,51,6,AV.,DOS DE MAYO,ESPECIAL SOLIDARIDAD,1.5,8
10160,N24,27,3,AV.,ALFREDO BENAVIDES,VIRGEN DE COPACABANA,2.5,7
10162,N71,26,9,AV.,DOS DE MAYO,GRUPO ORION,3.4,9
10163,N24,38,4,AV.,ALFREDO BENAVIDES,URANO TOURS SA.,3.8,6
10169,N67,46,3,AV.,ALFREDO BENAVIDES,GRUPO ORION,1.4,4
10172,N61,34,4,AV.,ANGAMOS OESTE,GRUPO ORION,4.0,6
10174,N24,25,10,AV.,DEL EJERCITO,VIRGEN DE COPACABANA,3.6,9
10175,N24,38,4,AV.,ALFREDO BENAVIDES,URANO TOURS SA.,2.5,6
10180,N61,27,13,AV.,ANGAMOS OESTE,GRUPO ORION,3.8,9
10181,N37,42,6,AV.,ALFREDO BENAVIDES,ESPECIAL SOLIDARIDAD,1.9,4
10182,N01,55,5,OV.,DE MIRAFLORES,SAN SEBASTIAN S.A,1.6,0
10183,N24,44,3,AV.,PASEO DE LA REPUBLICA,GRUPO ORION,2.5,4
10188,N24,57,6,AV.,ALFREDO BENAVIDES,URANO TOURS SA.,3.4,0
10189,N67,30,6,CA.,ENRIQUE PALACIOS,HOGAR TOURS,3.4,7
10191,N61,34,7,AV.,ANGAMOS OESTE,ATCR S.A,1.5,6
10195,N24,54,8,AV.,ANGAMOS OESTE,ATCR S.A,1.5,0
10196,N24,49,6,AV.,ANGAMOS ESTE,ATCR S.A,3.3,3
10198,N53,37,8,AV.,JOSE PARDO,TRANSCATEL,3.8,2
10201,N61,56,1,AV.,ANGAMOS OESTE,GRUPO ORION,3.6,8
10206,N24,35,6,AV.,JOSE PARDO,HOLDING EXPRESS,3.1,6
10207,N50,29,13,AV.,ANGAMOS OESTE,MIRAFLORES MONTERRICO,3.6,1
10209,N24,58,5,AV.,ALFREDO BENAVIDES,VIRGEN DE COPACABANA,2.0,0
10214,N71,21,5,CA.,GNRAL. VARELA,TRANSPORTES ANGAMOS,1.6,5
10216,N24,33,9,AV.,ALFREDO BENAVIDES,VIRGEN DE COPACABANA,2.6,1
10217,N24,47,6,AV.,ANGAMOS OESTE,GRUPO ORION,2.0,3
10218,N50,34,9,AV.,ALFREDO BENAVIDES,GRUPO ORION,1.5,1
10221,N01,39,11,AV.,JOSE PARDO,URANO TOURS SA.,1.7,2
10222,N67,47,2,AV.,ANGAMOS OESTE,MIRAFLORES MONTERRICO,2.9,4
10232,N24,22,3,AV.,ALFREDO BENAVIDES,URANO TOURS SA.,1.5,5
10238,N24,44,9,AV.,ANGAMOS OESTE,GRUPO ORION,3.5,3
10239,N61,40,12,AV.,ANGAMOS OESTE,GRUPO ORION,3.6,2
10242,N50,42,9,AV.,ALFREDO BENAVIDES,GRUPO ORION,3.3,2
10247,N71,24,8,CA.,JOAQUIN CAPELLO,TRANSPORTES ANGAMOS,2.4,9
10248,N50,21,1,AV.,ANGAMOS ESTE,MIRAFLORES MONTERRICO,2.2,5
10251,N24,35,10,AV.,ALFREDO BENAVIDES,URANO TOURS SA.,3.8,1
10254,N24,37,9,AV.,PETIT THOUARS,URANO TOURS SA.,3.8,2
10255,N40,47,9,AV.,ANGAMOS ESTE,MIRAFLORES MONTERRICO,3.9,3
10256,N01,36,4,AV.,ANGAMOS ESTE,LOS ANGELES DEL PERU SAC.,2.7,6
10260,N61,59,4,AV.,PASEO DE LA REPUBLICA,GRUPO ORION,1.5,0
10262,N24,35,2,AV.,OSCAR R. BENAVIDES,VIRGEN DE COPACABANA,3.6,6
10263,N71,30,8,AV.,JOSE PARDO,TRANSLIMA SA.,3.4,1
10267,N67,23,4,AV.,ALFREDO BENAVIDES,GRUPO ORION,3.2,5
10269,N24,41,13,AV.,OSCAR R. BENAVIDES,URANO TOURS SA.,3.6,2
10270,N67,43,7,AV.,ANGAMOS ESTE,ET. FOCAM SA.,2.3,4
10271,N67,59,10,AV.,ANGAMOS ESTE,ET. FOCAM SA.,3.4,0
10274,N34,32,5,AV.,ALFREDO BENAVIDES,CUARENTA INTEGRADA,3.5,6
10277,N01,29,5,AV.,PETIT THOUARS,SAN SEBASTIAN S.A,3.6,7
10283,N01,36,8,AV.,ANGAMOS ESTE,LOS ANGELES DEL PERU SAC.,1.5,2
10288,N44,20,10,AV.,JOSE LARCO,ESPECIAL SOLIDARIDAD,1.5,9
10296,N24,31,6,AV.,JOSE LARCO,VIRGEN DE COPACABANA,3.4,7
10297,N24,40,4,AV.,JOSE LARCO,CASTRO FUENTE S.A,3.3,4
10394,N24,49,6,MLCON.,DE LA RESERVA,TRANSLIMA SA.,3.5,3
10395,N24,47,9,MLCON.,DE LA RESERVA,TRANSLIMA SA.,1.4,3
10397,N71,23,10,AV.,ANGAMOS ESTE,EXPRESS PACHACAMAC,1.2,9
10399,N01,36,5,PSJE.,OLAYA,ESPECIAL SOLIDARIDAD,1.6,6
10415,N01,42,12,AV.,ALFREDO BENAVIDES,EL PROGRESO S.A,4.0,2
10416,N67,39,12,AV.,ANGAMOS ESTE,GRUPO DIEZ SAC.,3.1,2
10417,N71,24,7,AV.,PASEO DE LA REPUBLICA,LOS ANGELES DEL PERU SAC.,1.9,9
10435,N50,35,9,CA.,DOS DE MAYO,TRANSVESA,2.1,1
10437,N61,43,7,AV.,ANGAMOS OESTE,GRUPO ORION,3.3,4
10438,N61,36,6,PSJE.,OLAYA,TRANSLIMA SA.,1.8,6
10440,N50,43,6,AV.,ANGAMOS OESTE,RAPIDO UNIVERSAL,1.4,4
10441,N24,57,6,AV.,PASEO DE LA REPUBLICA,ESPECIAL SOLIDARIDAD,1.3,0
10442,N71,50,10,CA.,GONZALES PRADA,ETSEMURV SAC,2.8,3
10443,N24,45,5,AV.,PETIT THOUARS,GRUPO ORION,3.2,4
10444,N71,22,5,PSJE.,OLAYA,TRANSLIMA SA.,1.7,5
10445,N50,41,2,AV.,PETIT THOUARS,25 DE SETIEMBRE,1.3,4
10447,N50,37,7,AV.,ANGAMOS OESTE,GRUPO DIEZ SAC.,2.7,2
10450,N50,51,11,AV.,OSCAR R. BENAVIDES,UNIDOS CHAMA,2.0,3
10451,N50,49,4,AV.,ANGAMOS OESTE,TRANSPORTES ANGAMOS,2.2,8
10452,N50,54,6,AV.,ANGAMOS ESTE,GRUPLAN SA.,3.4,8
10453,N67,59,10,AV.,PASEO DE LA REPUBLICA,UNIDOS CHAMA,1.3,0
10464,N71,56,6,AV.,PETIT THOUARS,TRANSPORTES ANGAMOS,2.4,0
10474,N71,59,9,CA.,CRNEL. INCLAN,ATCR S.A,2.8,0
10475,N24,45,8,CA.,MATEO PUMACAHUA,MIRAFLORES MONTERRICO,1.7,3
10478,N24,28,10,AV.,JOSE PARDO,VIRGEN DE COPACABANA,3.6,7
10480,N01,26,6,AV.,OSCAR R. BENAVIDES,HOLDING EXPRESS,1.4,7
10482,N24,33,9,AV.,JOSE LARCO,ESPECIAL SOLIDARIDAD,3.7,1
10484,N73,24,9,AV.,ALFREDO BENAVIDES,GRUPO ORION,1.4,9
10485,N71,31,5,AV.,ANGAMOS OESTE,LOS ANGELES DEL PERU SAC.,3.8,7
10486,N24,20,11,AV.,ANGAMOS OESTE,ATCR S.A,1.3,9
10488,N50,35,6,AV.,RICARDO PALMA,HOGAR TOURS,2.0,6
10489,N24,53,6,CA.,COLINA,ESPECIAL SOLIDARIDAD,3.1,8
10491,N71,48,12,CA.,CHICLAYO,GRUPLAN SA.,2.2,3
10493,N24,46,7,AV.,ALFREDO BENAVIDES,VIRGEN DE COPACABANA,1.7,3
10494,N71,41,9,CA.,GNRAL. VARELA,MIRAFLORES MONTERRICO,2.6,2
10495,N24,44,8,CA.,GNRAL. VARELA,MIRAFLORES MONTERRICO,3.3,4
10496,N24,49,12,AV.,JOSE LARCO,ETUPSA 73,2.4,3
10501,N71,45,13,AV.,ANGAMOS OESTE,LOS ANGELES DEL PERU SAC.,1.9,3
10503,N24,37,6,CA.,ALMENARA,TRANSVESA,3.5,2
10504,N44,22,1,AV.,ANGAMOS ESTE,MIRAFLORES MONTERRICO,2.1,5
10506,N34,56,8,AV.,JOSE PARDO,STO. CRISTO DE PACHACAMILLA,4.0,0
10514,N24,37,8,AV.,JOSE LARCO,TRANSLIMA SA.,3.4,2
10518,N24,27,7,AV.,JOSE PARDO,ATCR S.A,1.8,7
10519,N24,55,10,AV.,PETIT THOUARS,VIRGEN DE COPACABANA,2.5,0
10520,N67,22,11,AV.,ANGAMOS ESTE,ETSEMURV SAC,1.6,9
10522,N24,35,7,AV.,PETIT THOUARS,URANO TOURS SA.,1.3,6
10525,N24,42,5,AV.,OSCAR R. BENAVIDES,VIRGEN DE COPACABANA,2.8,4
10528,N24,37,8,AV.,JOSE PARDO,ESPECIAL SOLIDARIDAD,3.1,2
10530,N24,19,7,AV.,JOSE PARDO,VIRGEN DE COPACABANA,2.3,5
10531,N24,19,8,AV.,JOSE PARDO,URANO TOURS SA.,3.4,5
10538,N24,59,2,AV.,ANGAMOS OESTE,GRUPO ORION,1.5,0
10542,N24,41,6,AV.,ANGAMOS OESTE,GRUPO ORION,2.3,4
10550,N24,24,7,AV.,JOSE LARCO,URANO TOURS SA.,1.9,9
10551,N34,21,5,AV.,ALFREDO BENAVIDES,GRUPO ORION,2.9,5
10553,N24,30,6,AV.,JOSE LARCO,URANO TOURS SA.,3.4,7
10556,N24,49,6,AV.,JOSE LARCO,VIRGEN DE COPACABANA,2.5,3
10561,N24,57,4,AV.,JOSE LARCO,URANO TOURS SA.,1.6,0
10562,N24,44,7,AV.,JOSE LARCO,URANO TOURS SA.,2.6,4
10575,N61,31,5,AV.,ANGAMOS ESTE,TRANSPORTES ANGAMOS,2.2,6
10579,N61,45,5,CA.,GNRAL. MENDIBURU,GRUPLAN SA.,1.2,4
10580,N24,60,5,AV.,OSCAR R. BENAVIDES,TRANSLIMA SA.,3.0,0
10581,N71,50,3,AV.,DIEZ CANSECO,ESPECIAL SOLIDARIDAD,3.9,8
10582,N24,29,5,AV.,ALFREDO BENAVIDES,URANO TOURS SA.,3.6,7
10583,N67,45,6,AV.,PASEO DE LA REPUBLICA,NUEVA AMERICA SA,2.3,4
10585,N24,18,8,AV.,OSCAR R. BENAVIDES,URANO TOURS SA.,3.6,5
10586,N24,54,6,AV.,JOSE LARCO,TRANSLIMA SA.,2.7,0
10588,N24,38,9,AV.,PETIT THOUARS,URANO TOURS SA.,2.5,2
10594,N67,33,6,AV.,ANGAMOS ESTE,CORPORACION ALELUYA,2.4,6
10595,N60,50,8,AV.,ANGAMOS ESTE,CORPORACION ALELUYA,1.4,3
10598,N24,50,6,AV.,OSCAR R. BENAVIDES,VIRGEN DE COPACABANA,2.9,8
10599,N24,23,9,AV.,OSCAR R. BENAVIDES,VIRGEN DE COPACABANA,3.8,9
10600,N24,51,4,AV.,ALFREDO BENAVIDES,VIRGEN DE COPACABANA,3.4,8
10601,N24,24,6,AV.,JOSE PARDO,VIRGEN DE COPACABANA,2.8,7
10602,N01,38,9,AV.,ALFREDO BENAVIDES,VIRGEN DE COPACABANA,2.0,2
10603,N24,59,8,AV.,JOSE LARCO,URANO TOURS SA.,3.0,0
10613,N24,52,8,AV.,PETIT THOUARS,ESPECIAL SOLIDARIDAD,3.2,3
10614,N24,37,11,AV.,PETIT THOUARS,URANO TOURS SA.,2.2,2
10619,N50,38,2,CA.,DOS DE MAYO,GRUPO ORION,2.6,6
10625,N53,57,5,CA.,FEDERICO VILLAREAL,TRANSPORTES ANGAMOS,3.4,0
10627,N67,31,3,AV.,MARISCAL LA MAR,NUEVO HORIZONTE,1.7,7
10629,N24,51,8,AV.,PETIT THOUARS,TRANSLIMA SA.,3.4,3
10631,N71,44,5,AV.,JOSE PARDO,GRUPO ORION,2.1,4
10634,N71,29,11,AV.,OSCAR R. BENAVIDES,URANO TOURS SA.,2.2,1
10638,N24,41,11,AV.,JOSE PARDO,TRANSLIMA SA.,2.6,2
10640,N53,59,12,CA.,FEDERICO VILLAREAL,GRUPLAN SA.,2.9,0
10647,N73,52,6,AV.,JOSE PARDO,MIGUEL GRAU,1.7,8
10649,N67,29,2,AV.,GNRAL. CORDOVA,MIRAFLORES MONTERRICO,3.5,7
10656,N24,42,3,AV.,ALFREDO BENAVIDES,VIRGEN DE COPACABANA,2.0,4
10665,N71,47,13,AV.,ANGAMOS OESTE,GRUPO ORION,3.1,3
10666,N24,52,8,AV.,PETIT THOUARS,ETUNIJESA,1.5,8
10667,N24,18,7,AV.,JOSE LARCO,TRANSLIMA SA.,2.9,5
10670,N37,21,6,AV.,ANGAMOS ESTE,ATCR S.A,3.6,5
10671,N71,20,4,AV.,PASEO DE LA REPUBLICA,GRUPO ORION,1.7,5
10674,N24,56,6,AV.,JOSE PARDO,VIRGEN DE COPACABANA,2.7,0
10675,N44,32,12,AV.,ANGAMOS ESTE,LOS ANGELES DEL PERU SAC.,1.6,1
10676,N34,40,6,AV.,GNRAL. CORDOVA,TABLADA 2000,2.6,2
10681,N24,56,1,AV.,OSCAR R. BENAVIDES,VIRGEN DE COPACABANA,1.3,0
10687,N24,56,9,AV.,PETIT THOUARS,URANO TOURS SA.,3.7,0
10695,N71,43,11,AV.,JOSE PARDO,GRUPO ORION,1.4,2
10702,N24,28,11,AV.,PETIT THOUARS,ESPECIAL SOLIDARIDAD,4.0,9
10711,N24,22,8,AV.,OSCAR R. BENAVIDES,VIRGEN DE COPACABANA,2.1,9
10712,N34,34,6,AV.,ALFREDO BENAVIDES,GRUPO ORION,3.0,6
10713,N40,26,7,AV.,OSCAR R. BENAVIDES,ESPECIAL SOLIDARIDAD,1.9,7
10716,N67,27,8,AV.,PASEO DE LA REPUBLICA,25 DE SETIEMBRE,2.3,7
10719,N67,50,8,CA.,LEONCIO PRADO,TRANSVESA,3.9,3
10720,N24,19,6,AV.,PETIT THOUARS,URANO TOURS SA.,1.4,5
10721,N67,21,2,AV.,PASEO DE LA REPUBLICA,UNIDOS CHAMA,2.5,5
10723,N24,20,9,AV.,PASEO DE LA REPUBLICA,URANO TOURS SA.,1.3,9
10725,N24,58,7,AV.,ANGAMOS OESTE,GRUPO ORION,3.5,0
10729,N24,23,10,AV.,ANGAMOS OESTE,GRUPO ORION,2.3,9
10730,N61,56,7,AV.,ANGAMOS OESTE,GRUPO ORION,3.6,0
10731,N71,27,9,AV.,PETIT THOUARS,GRUPO ORION,3.2,9
10733,N71,30,4,CA.,GNRAL. BORGOÃ‘O,ESPECIAL SOLIDARIDAD,3.1,7
10738,N24,55,2,AV.,PETIT THOUARS,GRUPO ORION,2.4,8
10740,N71,58,8,AV.,ANGAMOS OESTE,GRUPO ORION,1.5,0
10741,N61,31,8,AV.,ANGAMOS OESTE,GRUPO ORION,1.8,1
10743,N34,52,4,AV.,ALFREDO BENAVIDES,GRUPO ORION,2.0,8
10744,N01,39,3,AV.,PETIT THOUARS,SAN SEBASTIAN S.A,3.0,4
10745,N24,56,7,AV.,DIEZ CANSECO,ESPECIAL SOLIDARIDAD,3.3,0
10752,N24,30,7,AV.,PETIT THOUARS,NOR LIMA,1.9,7
10755,N01,60,6,AV.,ANGAMOS OESTE,ATCR S.A,3.7,0
10756,N24,56,8,AV.,ALFREDO BENAVIDES,URANO TOURS SA.,4.0,0
10757,N24,21,9,AV.,PETIT THOUARS,GRUPO ORION,3.6,9
10760,N24,59,1,AV.,JOSE LARCO,ETUNIJESA,1.6,0
10762,N24,23,8,AV.,ALFREDO BENAVIDES,URANO TOURS SA.,2.6,9
10763,N71,24,4,AV.,PETIT THOUARS,GRUPO ORION,4.0,5
10765,N24,33,7,AV.,PASEO DE LA REPUBLICA,GRUPO ORION,2.8,6
10766,N40,58,11,AV.,ANGAMOS ESTE,LOS ANGELES DEL PERU SAC.,2.9,0
10770,N71,18,9,CA.,GNRAL. BORGOÃ‘O,ATCR S.A,3.1,5
10771,N24,43,5,AV.,ALFREDO BENAVIDES,VIRGEN DE COPACABANA,3.4,4
10773,N24,47,6,AV.,ALFREDO BENAVIDES,VIRGEN DE COPACABANA,2.4,3
10774,N24,21,9,AV.,PETIT THOUARS,TRANSLIMA SA.,2.6,9
10783,N73,37,2,AV.,PETIT THOUARS,MIGUEL GRAU,3.9,6
10794,N24,49,4,AV.,ANGAMOS OESTE,GRUPO ORION,3.4,8
10795,N24,44,5,AV.,PASEO DE LA REPUBLICA,ESPECIAL SOLIDARIDAD,1.9,4
10797,N01,53,0,AV.,PETIT THOUARS,SAN SEBASTIAN S.A,3.8,8
10800,N24,40,3,AV.,PETIT THOUARS,ESPECIAL SOLIDARIDAD,3.4,4
10804,N67,36,5,AV.,ANGAMOS OESTE,RAPIDO UNIVERSAL,2.7,6
10805,N24,35,9,AV.,ALFREDO BENAVIDES,URANO TOURS SA.,3.4,2
10807,N24,50,11,AV.,PETIT THOUARS,TRANSLIMA SA.,1.9,3
10809,N67,42,3,AV.,CMDTE. ESPINAR,GRUPO ORION,3.1,4
10810,N71,34,1,AV.,PETIT THOUARS,NOR LIMA,1.3,6
10816,N24,56,6,AV.,PETIT THOUARS,GRUPO ORION,1.6,0
10820,N71,55,9,AV.,OSCAR R. BENAVIDES,VIRGEN DE COPACABANA,1.9,0
10824,N24,26,8,AV.,ALFREDO BENAVIDES,VIRGEN DE COPACABANA,2.9,7
10827,N01,32,14,AV.,PETIT THOUARS,HOLDING EXPRESS,3.7,1
10829,N71,27,8,CA.,GNRAL. VARELA,GRUPLAN SA.,1.7,7
10830,N71,26,7,CA.,GNRAL. VARELA,GRUPLAN SA.,1.6,7
10831,N24,23,13,AV.,JOSE LARCO,TRANSLIMA SA.,2.2,9
10832,N24,45,2,AV.,PASEO DE LA REPUBLICA,URANO TOURS SA.,3.1,4
10833,N67,33,11,AV.,ALFREDO BENAVIDES,GRUPO ORION,3.5,1
10835,N40,35,9,AV.,ALFREDO BENAVIDES,TRANSCATEL,2.5,1
10836,N24,25,4,AV.,ALFREDO BENAVIDES,VIRGEN DE COPACABANA,1.5,7
10837,N24,19,12,AV.,ALFREDO BENAVIDES,VIRGEN DE COPACABANA,3.3,9
10838,N24,23,8,AV.,ALFREDO BENAVIDES,VIRGEN DE COPACABANA,2.2,9
10839,N34,31,5,AV.,ALFREDO BENAVIDES,GRUPO ORION,3.9,6
10843,N01,44,9,AV.,OSCAR R. BENAVIDES,VIRGEN DE COPACABANA,3.4,3
10844,N71,33,7,AV.,OSCAR R. BENAVIDES,VIRGEN DE COPACABANA,2.9,1
10845,N24,48,1,AV.,ANGAMOS OESTE,GRUPO ORION,2.2,4
10846,N24,58,9,AV.,OSCAR R. BENAVIDES,TRANSLIMA SA.,3.7,0
10847,N01,58,8,AV.,ALFREDO BENAVIDES,URANO TOURS SA.,2.1,0
10848,N01,60,11,AV.,OSCAR R. BENAVIDES,URANO TOURS SA.,3.2,0
10851,N50,41,7,AV.,CMDTE. ESPINAR,GRUPO ORION,1.3,2
10858,N24,49,7,AV.,JOSE LARCO,TRANSLIMA SA.,2.5,3
10859,N24,38,11,AV.,OSCAR R. BENAVIDES,URANO TOURS SA.,2.4,2
10868,N67,29,12,AV.,ALFREDO BENAVIDES,GRUPO ORION,1.8,1
10875,N24,26,13,AV.,ALFREDO BENAVIDES,URANO TOURS SA.,1.3,9
10876,N24,56,8,AV.,JOSE LARCO,VIRGEN DE COPACABANA,3.2,0
10877,N24,46,8,AV.,ANGAMOS OESTE,ATCR S.A,3.7,3
10880,N34,46,8,AV.,SANTA CRUZ,TRANSPORTES UNIDOS,2.5,3
10881,N24,59,6,AV.,ALFREDO BENAVIDES,VIRGEN DE COPACABANA,2.1,0
10883,N24,51,10,AV.,PETIT THOUARS,GRUPO ORION,3.6,3
10886,N67,32,5,AV.,ANGAMOS OESTE,TRANSPORTES ANGAMOS,3.3,6
10887,N01,57,4,AV.,ALFREDO BENAVIDES,VIRGEN DE COPACABANA,2.0,0
10889,N24,53,7,AV.,ALFREDO BENAVIDES,VIRGEN DE COPACABANA,2.2,0
10890,N24,18,11,AV.,ALFREDO BENAVIDES,VIRGEN DE COPACABANA,3.7,9
10891,N24,36,11,AV.,ALFREDO BENAVIDES,VIRGEN DE COPACABANA,2.2,2
10892,N71,23,10,AV.,ALFREDO BENAVIDES,VIRGEN DE COPACABANA,3.8,9
10895,N61,32,5,AV.,ANGAMOS OESTE,MIRAFLORES MONTERRICO,2.6,6
10899,N37,58,6,AV.,ALFREDO BENAVIDES,ESPECIAL SOLIDARIDAD,1.7,0
10900,N01,34,8,AV.,PETIT THOUARS,SAN SEBASTIAN S.A,2.1,1
10901,N50,22,4,AV.,ANGAMOS OESTE,MIRAFLORES MONTERRICO,3.6,5
10902,N67,25,5,AV.,PASEO DE LA REPUBLICA,GRUPO ORION,3.8,7
10903,N01,21,8,AV.,PETIT THOUARS,RAPIDO MUSA SA.,2.6,9
10905,N24,58,6,AV.,ANGAMOS OESTE,ATCR S.A,1.9,0
10906,N34,51,2,AV.,ANGAMOS OESTE,RAPIDO UNIVERSAL,2.1,8
10907,N67,21,5,AV.,ALFREDO BENAVIDES,GRUPO ORION,2.9,5
10909,N24,21,4,AV.,JOSE LARCO,ETUNIJESA,3.1,5
10913,N50,25,6,AV.,ALFREDO BENAVIDES,GRUPO ORION,3.3,7
10914,N01,36,4,AV.,ANGAMOS OESTE,RAPIDO UNIVERSAL,2.1,6
10915,N01,20,9,AV.,ANGAMOS OESTE,RAPIDO UNIVERSAL,2.2,9
10916,N24,33,6,AV.,ALFREDO BENAVIDES,URANO TOURS SA.,3.3,6
10917,N24,59,7,AV.,PETIT THOUARS,ESPECIAL SOLIDARIDAD,1.4,0
10920,N50,32,8,AV.,PASEO DE LA REPUBLICA,GRUPO SALAMANCA,3.8,1
10923,N50,26,7,CA.,ENRIQUE PALACIOS,GRUPO ORION,3.7,7
10924,N63,21,5,AV.,ALFREDO BENAVIDES,ESPECIAL SOLIDARIDAD,3.9,5
10926,N67,44,11,AV.,ALFREDO BENAVIDES,GRUPO ORION,3.6,3
10927,N67,18,2,AV.,ALFREDO BENAVIDES,GRUPO ORION,2.0,5
10930,N50,37,9,AV.,ALFREDO BENAVIDES,AQUARIUS SAC,2.9,2
10942,N71,31,4,AV.,ANGAMOS OESTE,GRUPO ORION,3.1,6
10943,N24,54,7,AV.,ANGAMOS OESTE,GRUPO ORION,2.9,0
10947,N24,51,7,AV.,OSCAR R. BENAVIDES,URANO TOURS SA.,1.4,8
10950,N50,19,11,AV.,ALFREDO BENAVIDES,SAN ANTONIO,3.5,9
10951,N50,45,6,AV.,ALFREDO BENAVIDES,SAN ANTONIO,1.8,4
10952,N50,59,10,AV.,ALFREDO BENAVIDES,SAN ANTONIO,2.3,0
10953,N24,37,6,AV.,PETIT THOUARS,URANO TOURS SA.,2.9,2
10954,N24,39,4,AV.,JOSE LARCO,ETUNIJESA,1.3,4
10955,N44,38,11,AV.,ALFREDO BENAVIDES,GRUPO ORION,1.9,2
10956,N60,23,12,AV.,ALFREDO BENAVIDES,GRUPO ORION,2.6,9
10958,N71,44,5,CA.,SCHELL,GRUPO ORION,2.6,4
10959,N71,47,8,AV.,ANGAMOS OESTE,LOS ANGELES DEL PERU SAC.,2.1,3
10960,N34,52,4,AV.,ALFREDO BENAVIDES,ESPECIAL SOLIDARIDAD,2.0,8
10961,N40,20,2,AV.,ANGAMOS OESTE,MIRAFLORES MONTERRICO,3.6,5
10963,N50,26,7,AV.,PETIT THOUARS,25 DE SETIEMBRE,3.4,7
10965,N63,42,9,AV.,BENAVIDES/PASEO DE LA REP.,GRUPO ORION,2.9,2
10966,N67,24,12,AV.,ALFREDO BENAVIDES,GRUPO ORION,2.3,9
10967,N50,51,8,AV.,ALFREDO BENAVIDES,CUARENTA INTEGRADA,3.2,8
10968,N44,26,7,AV.,JOSE LARCO,ESPECIAL SOLIDARIDAD,1.8,7
10970,N42,55,13,CA.,DOS DE MAYO,ET. JOSE OLAYA,4.0,0
10972,N24,52,7,AV.,PETIT THOUARS,URANO TOURS SA.,3.5,8
10973,N50,25,10,AV.,ALFREDO BENAVIDES,GRUPO ORION,1.7,9
10974,N24,22,3,AV.,PETIT THOUARS,URANO TOURS SA.,2.0,5
10975,N24,40,2,AV.,PETIT THOUARS,URANO TOURS SA.,2.6,4
10976,N24,48,7,AV.,PETIT THOUARS,URANO TOURS SA.,1.5,3
10977,N24,57,6,AV.,JOSE LARCO,URANO TOURS SA.,2.6,0
10979,N24,49,8,AV.,JOSE LARCO,URANO TOURS SA.,3.8,3
10980,N24,30,5,AV.,PETIT THOUARS,URANO TOURS SA.,2.2,7
10981,N01,37,13,AV.,ALFREDO BENAVIDES,GRUPO ORION,3.2,2
10982,N24,45,5,AV.,PETIT THOUARS,URANO TOURS SA.,2.5,4
10993,N24,21,12,AV.,PASEO DE LA REPUBLICA,GRUPO ORION,3.1,9
11009,N67,21,8,AV.,O.R. BENAVIDES/SCHELL,UNIDOS CHAMA,3.6,9
11010,N67,37,7,AV.,PASEO DE LA REPUBLICA,UNIDOS CHAMA,3.0,2
11012,N24,43,10,AV.,ALFREDO BENAVIDES,URANO TOURS SA.,1.6,2
11013,N67,20,9,CA.,DOS DE MAYO,AQUARIUS SAC,3.5,9
11015,N24,56,4,AV.,ALFREDO BENAVIDES,VIRGEN DE COPACABANA,3.2,0
11017,N24,59,11,AV.,PETIT THOUARS,ATCR S.A,2.6,0
11018,N71,40,10,AV.,JOSE LARCO,VIRGEN DE COPACABANA,2.3,2
11020,N24,40,9,AV.,JOSE LARCO,TRANSLIMA SA.,3.1,2
11021,N61,33,8,CA.,GONZALES PRADA,GRUPO ORION,2.5,1
11024,N24,43,7,AV.,JOSE LARCO,URANO TOURS SA.,2.1,4
11025,N71,45,9,AV.,ANGAMOS OESTE,LOS ANGELES DEL PERU SAC.,3.6,3
11027,N50,23,3,AV.,ANGAMOS ESTE,MIRAFLORES MONTERRICO,2.6,5
11037,N40,38,11,AV.,ALFREDO BENAVIDES,ESPECIAL SOLIDARIDAD,1.5,2
11038,N67,46,5,AV.,CMDTE. ESPINAR,CUARENTA INTEGRADA,3.7,4
11040,N24,58,5,AV.,JOSE LARCO,VIRGEN DE COPACABANA,3.3,0
11041,N67,58,6,CA.,DOS DE MAYO,NORTEAMERICA,1.3,0
11043,N61,40,9,AV.,PASEO DE LA REPUBLICA,UNIDOS CHAMA,2.0,2
11047,N24,53,9,CA.,GNRAL. SUAREZ,ATCR S.A,3.9,0
11048,N40,24,9,AV.,ANGAMOS ESTE,TRANSPORTES ANGAMOS,1.5,9
11050,N34,31,8,AV.,GNRAL. CORDOVA,TRANSPORTES ANGAMOS,3.7,1
11051,N24,32,10,AV.,ALFREDO BENAVIDES,URANO TOURS SA.,3.3,1
11053,N71,25,11,AV.,PETIT THOUARS,CARMELITAS SA.,3.0,9
11054,N24,51,4,AV.,PETIT THOUARS,URANO TOURS SA.,3.6,8
11055,N24,28,6,AV.,ALFREDO BENAVIDES,URANO TOURS SA.,2.9,7
11060,N24,44,7,AV.,JOSE PARDO,GRUPO ORION,2.7,4
11061,N71,43,11,AV.,ANGAMOS OESTE,GRUPO ORION,2.7,2
11065,N24,58,9,AV.,JOSE PARDO,ESPECIAL SOLIDARIDAD,3.4,0
11067,N71,34,7,AV.,PETIT THOUARS,ATCR S.A,3.6,6
11068,N24,20,9,AV.,ALFREDO BENAVIDES,URANO TOURS SA.,1.7,5
11070,N24,53,5,AV.,ALFREDO BENAVIDES,VIRGEN DE COPACABANA,1.4,8
11071,N24,36,7,CA.,SALAVERRY,VIRGEN DE COPACABANA,2.5,2
11072,N24,36,10,AV.,ALFREDO BENAVIDES,VIRGEN DE COPACABANA,2.5,2
11073,N67,46,10,AV.,PASEO DE LA REPUBLICA,UNIDOS CHAMA,3.1,3
11076,N24,33,4,AV.,PASEO DE LA REPUBLICA,ESPECIAL SOLIDARIDAD,1.6,6
11077,N63,45,4,AV.,ANGAMOS OESTE,GRUPO DIEZ SAC.,3.1,4
11079,N63,22,8,AV.,JOSE PARDO,CORPORACION ALELUYA,4.0,9
11080,N67,27,1,AV.,ANGAMOS OESTE,NUEVO HORIZONTE,2.8,7
11082,N24,19,9,AV.,ALFREDO BENAVIDES,VIRGEN DE COPACABANA,3.4,5
11083,N24,25,8,AV.,JOSE LARCO,VIRGEN DE COPACABANA,1.8,7
11085,N71,49,12,AV.,PASEO DE LA REPUBLICA,GRUPO ORION,1.5,3
11086,N50,53,3,AV.,ALFREDO BENAVIDES,ESPECIAL SOLIDARIDAD,1.8,8
11087,N01,31,10,AV.,ALFREDO BENAVIDES,GRUPO ORION,3.1,1
11089,N24,45,7,AV.,PETIT THOUARS,ESPECIAL SOLIDARIDAD,2.2,4
11090,N67,24,7,AV.,JOSE PARDO,GRUPO ORION,1.7,5
11107,N24,55,1,AV.,ALFREDO BENAVIDES,VIRGEN DE COPACABANA,3.4,0
11113,N71,29,8,AV.,ALFREDO BENAVIDES,TRANSLIMA SA.,3.8,7
11114,N24,43,13,AV.,PETIT THOUARS,TRANSLIMA SA.,1.3,2
11115,N44,25,11,AV.,OSCAR R. BENAVIDES,GRUPO ORION,2.8,9
11116,N44,23,2,AV.,OSCAR R. BENAVIDES,GRUPO ORION,1.5,5
11118,N71,39,5,AV.,DIEZ CANSECO,ESPECIAL SOLIDARIDAD,3.5,2
11119,N24,31,3,AV.,PETIT THOUARS,ESPECIAL SOLIDARIDAD,3.9,7
11121,N71,24,4,AV.,ALFREDO BENAVIDES,VIRGEN DE COPACABANA,2.3,7
11122,N24,43,4,AV.,PETIT THOUARS,GRUPO ORION,2.4,4
11123,N67,27,9,AV.,ALFREDO BENAVIDES,ESPECIAL SOLIDARIDAD,1.5,7
11125,N24,54,4,AV.,ALFREDO BENAVIDES,URANO TOURS SA.,2.4,8
11127,N73,26,7,AV.,ALFREDO BENAVIDES,GRUPO ORION,2.7,7
11130,N37,33,10,AV.,OSCAR R. BENAVIDES,NEGOCIACIONES SANTA ANITA,3.9,1
11131,N61,37,3,AV.,PASEO DE LA REPUBLICA,GRUPO ORION,2.7,6
11132,N67,24,5,CA.,DOS DE MAYO,UNIDOS CHAMA,3.3,5
11133,N01,42,2,AV.,ALFREDO BENAVIDES,VIRGEN DE COPACABANA,3.4,4
11134,N24,29,1,AV.,ALFREDO BENAVIDES,VIRGEN DE COPACABANA,2.1,7
11135,N44,28,10,AV.,OSCAR R. BENAVIDES,ESPECIAL SOLIDARIDAD,1.6,1
11137,N67,29,9,CA.,JOSE GALVEZ,TRANSPORTES UNIDOS,1.5,1
11138,N24,44,13,CA.,GRAU,ESPECIAL SOLIDARIDAD,2.6,3
11145,N50,29,6,AV.,ALFREDO BENAVIDES,GRUPO ORION,1.9,7
11151,N50,45,7,AV.,PETIT THOUARS,UNIDOS CHAMA,1.3,4
11155,N24,41,5,AV.,OSCAR R. BENAVIDES,VIRGEN DE COPACABANA,3.3,4
11160,N63,36,8,AV.,PASEO DE LA REPUBLICA,HOGAR TOURS,2.0,2
11162,N24,23,5,AV.,ALFREDO BENAVIDES,VIRGEN DE COPACABANA,3.9,5
11166,N24,33,6,AV.,ALFREDO BENAVIDES,URANO TOURS SA.,2.9,6
11167,N71,33,7,AV.,PASEO DE LA REPUBLICA,GRUPO ORION,3.7,6
11168,N71,23,4,AV.,PETIT THOUARS,ATCR S.A,2.8,5
11169,N24,51,7,AV.,JOSE LARCO,VIRGEN DE COPACABANA,3.1,8
11171,N24,51,7,AV.,PETIT THOUARS,ESPECIAL SOLIDARIDAD,3.1,3
11175,N53,36,5,AV.,ANGAMOS ESTE,TRANSPORTES ANGAMOS,3.2,6
11178,N67,54,11,AV.,PETIT THOUARS,UNIDOS CHAMA,1.5,0
11181,N67,32,2,AV.,ALFREDO BENAVIDES,STO. CRISTO DE PACHACAMILLA,3.2,6
11184,N50,25,6,CA.,GNRAL. PERSHING,UNIDOS CHAMA,3.9,7
11186,N01,25,7,CA.,GONZALES PRADA,SAN SEBASTIAN S.A,2.6,7
11187,N71,54,4,AV.,PETIT THOUARS,ESPECIAL SOLIDARIDAD,2.0,8
11190,N67,31,5,CA.,ENRIQUE PALACIOS,HOGAR TOURS,2.3,7
11191,N67,58,5,AV.,RICARDO PALMA,MULTIPLE 160 SAC.,4.0,0
11196,N73,20,1,AV.,ALFREDO BENAVIDES,GRUPO ORION,2.6,5
11198,N71,45,4,AV.,GNRAL. CORDOVA,TRANSPORTES ANGAMOS,2.0,4
11199,N67,32,4,AV.,REDUCTO,UNIDOS CHAMA,1.4,6
11201,N24,40,5,AV.,ALFREDO BENAVIDES,VIRGEN DE COPACABANA,3.8,2
11202,N24,43,7,AV.,ALFREDO BENAVIDES,VIRGEN DE COPACABANA,3.6,2
11203,N24,45,13,AV.,ALFREDO BENAVIDES,VIRGEN DE COPACABANA,3.3,3
11205,N40,46,7,AV.,PETIT THOUARS,ESPECIAL SOLIDARIDAD,1.4,3
11207,N24,51,6,AV.,JOSE PARDO,ESPECIAL SOLIDARIDAD,1.8,8
11212,N67,48,7,AV.,ALFREDO BENAVIDES,UNIDOS CHAMA,3.3,3
11214,N24,33,3,AV.,OSCAR R. BENAVIDES,VIRGEN DE COPACABANA,3.1,6
11216,N24,54,3,AV.,ALFREDO BENAVIDES,VIRGEN DE COPACABANA,3.4,8
11237,N33,19,9,CA.,DOS DE MAYO,UNIDOS CHAMA,2.5,9
11238,N71,28,7,CA.,DOS DE MAYO,STAR TOURS,2.8,7
11240,N24,41,11,CA.,GERVACIO SANTILLANA/TACNA,25 DE SETIEMBRE,3.8,2
11241,N24,27,8,AV.,ALFREDO BENAVIDES,URANO TOURS SA.,3.5,7
11247,N42,48,8,AV.,ANGAMOS ESTE,TRANSPORTES ANGAMOS,2.2,3
11249,N01,53,7,AV.,ANGAMOS ESTE,TRANSCATEL,1.3,8
11252,N33,42,7,AV.,JOSE PARDO,STO. CRISTO DE PACHACAMILLA,2.0,4
11253,N24,20,8,AV.,ALFREDO BENAVIDES,VIRGEN DE COPACABANA,3.9,5
11255,N64,52,2,AV.,ALFREDO BENAVIDES,GRUPO ORION,1.5,8
11256,N50,22,2,CA.,DOS DE MAYO,STAR TOURS,3.6,5
11263,N50,20,7,CA.,DOS DE MAYO,GRUPO SALAMANCA,3.5,5
11275,N44,46,6,AV.,ANGAMOS ESTE,TRANSPORTES ANGAMOS,2.3,4
11276,N44,39,7,AV.,ANGAMOS ESTE,TRANSPORTES ANGAMOS,3.9,2
11277,N71,40,10,AV.,OSCAR R. BENAVIDES,URANO TOURS SA.,3.5,2
11280,N71,30,10,AV.,PETIT THOUARS,ATCR S.A,3.7,1
11281,N44,51,6,AV.,ALFREDO BENAVIDES,ESPECIAL SOLIDARIDAD,2.2,8
11282,N61,47,6,AV.,JOSE PARDO,GRUPO ORION,2.2,3
11286,N71,22,8,AV.,PETIT THOUARS,25 DE SETIEMBRE,2.8,9
11287,N24,56,8,CA.,GERVACIO SANTILLANA/TACNA,25 DE SETIEMBRE,3.3,0
11288,N24,23,6,AV.,OSCAR R. BENAVIDES,URANO TOURS SA.,2.3,5
11296,N24,36,10,AV.,OSCAR R. BENAVIDES,VIRGEN DE COPACABANA,2.9,2
11297,N01,43,9,AV.,OSCAR R. BENAVIDES,VIRGEN DE COPACABANA,2.2,2
11298,N04,28,2,CA.,GNRAL. VARELA,GRUPO ORION,3.3,7
11299,N04,32,5,AV.,ANGAMOS OESTE,GRUPO ORION,1.4,6
11300,N24,18,5,AV.,ANGAMOS OESTE,GRUPO ORION,2.5,5
11303,N50,25,3,AV.,OSCAR R. BENAVIDES,ESPECIAL SOLIDARIDAD,1.7,7
11304,N24,50,7,AV.,ALFREDO BENAVIDES,URANO TOURS SA.,2.0,8
11309,N42,43,4,AV.,ANGAMOS OESTE,EXPRESS PACHACAMAC,2.5,4
11310,N71,19,11,AV.,OSCAR R. BENAVIDES,VIRGEN DE COPACABANA,3.3,9
11316,N50,21,11,AV.,ANGAMOS ESTE,GRUPLAN SA.,2.3,9
11318,N67,26,4,CA.,DOS DE MAYO,GRUPO ORION,3.4,7
11319,N42,58,12,CA.,DOS DE MAYO,GRUPO ORION,1.4,0
11320,N67,29,11,AV.,ALFREDO BENAVIDES,GRUPO ORION,3.9,1
11322,N50,44,6,AV.,ROCA Y BOLOGÃ‘A,HOGAR TOURS,3.3,4
11334,N24,45,8,AV.,JOSE PARDO,ESPECIAL SOLIDARIDAD,1.2,3
11336,N67,48,8,CA.,GONZALES PRADA,STAR TOURS,3.0,3
11337,N24,28,2,AV.,JOSE LARCO,TRANSLIMA SA.,3.0,7
11340,N24,27,11,AV.,ALFREDO BENAVIDES,VIRGEN DE COPACABANA,1.9,7
11341,N24,24,11,MLCON.,BALTA,VIRGEN DE COPACABANA,3.0,9
11347,N24,60,3,AV.,OSCAR R. BENAVIDES,VIRGEN DE COPACABANA,3.2,0
11348,N24,29,9,AV.,ALFREDO BENAVIDES,VIRGEN DE COPACABANA,1.8,7
11349,N01,35,10,AV.,ALFREDO BENAVIDES,VIRGEN DE COPACABANA,3.7,1
11350,N24,28,6,AV.,ANGAMOS OESTE,GRUPO ORION,1.6,7
11353,N67,24,3,CA.,SCHELL,GRUPO ORION,3.4,5
11356,N61,35,8,CA.,GNRAL. CASTAÃ‘ETA,TRANSVESA,1.6,1
11359,N67,22,9,AV.,ALFREDO BENAVIDES,STO. CRISTO DE PACHACAMILLA,2.2,9
11365,N24,37,11,AV.,DIEZ CANSECO,ESPECIAL SOLIDARIDAD,1.7,2
11368,N01,41,6,AV.,ANGAMOS OESTE,LOS ANGELES DEL PERU SAC.,1.8,4
11369,N61,51,3,AV.,JOSE LARCO,GRUPO ORION,4.0,8
11371,N24,23,12,AV.,ALFREDO BENAVIDES,VIRGEN DE COPACABANA,2.1,9
11372,N24,21,12,AV.,JOSE LARCO,VIRGEN DE COPACABANA,2.1,9
11373,N24,30,11,AV.,ALFREDO BENAVIDES,VIRGEN DE COPACABANA,2.9,1
11374,N24,43,5,AV.,ALFREDO BENAVIDES,URANO TOURS SA.,3.0,4
11387,N67,37,10,AV.,ANGAMOS OESTE,STO. CRISTO DE PACHACAMILLA,2.7,2
11390,N24,46,9,AV.,DIEZ CANSECO,ESPECIAL SOLIDARIDAD,1.4,3
11392,N24,34,9,AV.,JOSE LARCO,TRANSLIMA SA.,2.3,1
11393,N53,19,6,AV.,JOSE PARDO,GRUPO ORION,3.0,5
11395,N24,50,8,AV.,CMDTE. ESPINAR,GRUPO ORION,3.4,3
11396,N24,54,7,AV.,JOSE PARDO,GRUPO ORION,1.8,0
11397,N24,19,7,AV.,PASEO DE LA REPUBLICA,ESPECIAL SOLIDARIDAD,3.5,5
11398,N67,51,3,AV.,CMDTE. ESPINAR,GRUPO ORION,1.6,8
11399,N24,53,5,AV.,PASEO DE LA REPUBLICA,URANO TOURS SA.,1.3,8
11401,N71,46,4,AV.,JOSE PARDO,GRUPO ORION,3.3,4
11402,N24,21,8,AV.,PASEO DE LA REPUBLICA,URANO TOURS SA.,3.7,9
11405,N71,46,9,AV.,JOSE PARDO,ESPECIAL SOLIDARIDAD,3.6,3
11407,N24,47,4,AV.,JOSE PARDO,TRANSLIMA SA.,2.6,4
11425,N71,52,12,AV.,JOSE PARDO,GRUPO ORION,3.6,3
11429,N24,21,9,AV.,ALFREDO BENAVIDES,URANO TOURS SA.,2.7,9
11431,N24,22,4,AV.,PASEO DE LA REPUBLICA,URANO TOURS SA.,2.5,5
11432,N44,34,4,AV.,ANGAMOS OESTE,TRANSPORTES ANGAMOS,1.4,6
11433,N24,41,11,AV.,OSCAR R. BENAVIDES,URANO TOURS SA.,3.1,2
11436,N50,29,8,AV.,ANGAMOS ESTE,CORPORACION ALELUYA,3.0,7
11438,N05,35,4,AV.,OSCAR R. BENAVIDES,VIRGEN DE COPACABANA,2.9,6
11439,N71,45,10,AV.,PETIT THOUARS,UNIDOS CHAMA,3.7,3
11440,N24,56,3,AV.,ALFREDO BENAVIDES,URANO TOURS SA.,1.3,0
11441,N44,37,6,AV.,ALFREDO BENAVIDES,GRUPO ORION,1.5,6
11444,N24,28,5,CA.,GNRAL. VARELA,ET. FOCAM SA.,3.3,7
11451,N71,29,8,CA.,GNRAL. VARELA,EXPRESS PACHACAMAC,2.3,7
11455,N24,40,5,AV.,PETIT THOUARS,ESPECIAL SOLIDARIDAD,3.3,4
11456,N50,26,8,AV.,ANGAMOS OESTE,TRANSPORTES ANGAMOS,3.3,7
11457,N71,59,6,CA.,ENRIQUE PALACIOS,GRUPO DIEZ SAC.,1.7,0
11458,N24,29,8,AV.,ALFREDO BENAVIDES,URANO TOURS SA.,1.7,7
11459,N24,59,6,CA.,TACNA,25 DE SETIEMBRE,1.5,0
11460,N48,54,12,AV.,ANGAMOS OESTE,MIRAFLORES MONTERRICO,1.5,0
11462,N50,55,7,AV.,MARISCAL LA MAR,MIRAFLORES MONTERRICO,3.4,0
11463,N50,46,12,AV.,MARISCAL LA MAR,MIRAFLORES MONTERRICO,2.5,3
11464,N71,43,5,AV.,PETIT THOUARS,GRUPLAN,2.4,4
11466,N50,23,9,AV.,ANGAMOS OESTE,RAPIDO UNIVERSAL,1.4,9
11467,N24,43,6,AV.,PETIT THOUARS,URANO TOURS SA.,2.3,4
11468,N67,46,9,AV.,MARISCAL LA MAR,MIRAFLORES MONTERRICO,3.0,3
11470,N24,46,12,AV.,PETIT THOUARS,ESPECIAL SOLIDARIDAD,3.3,3
11477,N34,19,6,AV.,ALFREDO BENAVIDES,GRUPO ORION,1.5,5
11483,N50,52,7,AV.,ANGAMOS OESTE,SEÃ‘OR DE LA SOLEDAD,1.3,8
11484,N24,38,6,AV.,ALFREDO BENAVIDES,VIRGEN DE COPACABANA,3.3,2
11488,N67,49,3,AV.,ANDRES AVELINO CACERES,STAR TOURS,3.5,8
11489,N24,21,6,AV.,ALFREDO BENAVIDES,URANO TOURS SA.,1.7,5
11490,N24,52,3,AV.,ALFREDO BENAVIDES,VIRGEN DE COPACABANA,3.9,8
11493,N24,18,7,AV.,PETIT THOUARS,NOR LIMA,3.5,5
11494,N71,23,3,CA.,GERVACIO SANTILLANA,ESPECIAL SOLIDARIDAD,3.0,5
11496,N24,40,6,AV.,ALFREDO BENAVIDES,VIRGEN DE COPACABANA,2.6,2
11497,N24,20,9,AV.,ALFREDO BENAVIDES,VIRGEN DE COPACABANA,3.9,5
11498,N24,39,7,AV.,ALFREDO BENAVIDES,VIRGEN DE COPACABANA,1.4,2
11499,N48,35,5,CA.,TACNA,25 DE SETIEMBRE,3.1,6
11500,N61,27,11,AV.,ANGAMOS ESTE,GRUPO DIEZ SAC.,3.6,1
11504,N24,49,14,AV.,AREQUIPA,URANO TOURS SA.,2.8,3
11505,N24,53,8,AV.,PETIT THOUARS,URANO TOURS SA.,3.7,8
11509,N24,44,10,AV.,PETIT THOUARS,TRANSLIMA SA.,3.4,3
11511,N67,48,6,AV.,ALFREDO BENAVIDES,STO. CRISTO DE PACHACAMILLA,2.7,3
11513,N24,31,9,AV.,PETIT THOUARS,TRANSLIMA SA.,3.1,1
11514,N24,57,6,AV.,PETIT THOUARS,TRANSLIMA SA.,3.6,0
11516,N24,46,10,AV.,ANGAMOS ESTE,TURISMO,2.2,3
11518,N56A,36,8,AV.,ANGAMOS ESTE,MIRAFLORES MONTERRICO,3.5,2
11520,N67,60,8,AV.,ANGAMOS OESTE,NUEVO HORIZONTE,3.2,0
11530,N40,40,5,AV.,ANGAMOS ESTE,MIRAFLORES MONTERRICO,2.4,4
11531,N01,46,8,AV.,PETIT THOUARS,SAN SEBASTIAN S.A,2.4,3
11533,N01,47,10,AV.,PETIT THOUARS,RAPIDO MUSA SA.,3.7,3
11534,N63,34,11,AV.,ANGAMOS ESTE,TABLADA 2000,3.1,1
11535,N24,33,2,AV.,ANGAMOS ESTE,ATCR S.A,3.8,6
11536,N71,36,9,CA.,ENRIQUE PALACIOS,SANTA LUZMILA,2.8,2
11537,N24,40,9,AV.,JOSE PARDO,ESPECIAL SOLIDARIDAD,2.8,2
11538,N50,54,6,AV.,DEL EJERCITO,MIGUEL GRAU,1.6,8
11541,N62,24,8,AV.,DEL EJERCITO,SEÃ‘OR DE LA SOLEDAD,1.3,9
11542,N71,28,13,AV.,DEL EJERCITO,MIRAFLORES MONTERRICO,3.7,1
11545,N62,56,7,AV.,DEL EJERCITO,SEÃ‘OR DE LA SOLEDAD,3.6,0
11554,N44,31,4,AV.,ANGAMOS ESTE,LOS ANGELES DEL PERU SAC.,3.8,7
11555,N40,37,8,AV.,DEL EJERCITO,AQUARIUS SAC,2.9,2
11556,N61,49,4,AV.,ANGAMOS OESTE,RAPIDO UNIVERSAL,3.0,8
11558,N24,27,4,AV.,PETIT THOUARS,ETUNIJESA,1.5,7
11559,N71,32,11,CA.,BERLIN,GRUPO ORION,3.6,1
11564,N67,19,6,AV.,ALFREDO BENAVIDES,UNIDOS CHAMA,1.4,5
11582,N67,31,10,AV.,ALFREDO BENAVIDES,STO. CRISTO DE PACHACAMILLA,3.0,1
11586,N67,18,9,AV.,PASEO DE LA REPUBLICA,TRANSVESA,2.8,5
11589,N40,25,11,AV.,OSCAR R. BENAVIDES,TRANSCATEL,2.1,9
11592,N24,58,3,AV.,ANGAMOS OESTE,GRUPO ORION,2.9,0
11594,N24,26,7,AV.,ALFREDO BENAVIDES,URANO TOURS SA.,1.3,7
11595,N01,20,9,AV.,ALFREDO BENAVIDES,VIRGEN DE COPACABANA,1.6,5
11596,N67,32,12,AV.,ALFREDO BENAVIDES,UNIDOS CHAMA,1.5,1
11600,N67,24,1,AV.,ALFREDO BENAVIDES,GRUPO ORION,3.7,5
11601,N67,53,7,AV.,ALFREDO BENAVIDES,GRUPO ORION,3.7,8
11602,N67,33,6,AV.,ALFREDO BENAVIDES,GRUPO ORION,1.4,6
11603,N67,23,5,AV.,ALFREDO BENAVIDES,GRUPO ORION,2.2,5
11604,N24,22,10,AV.,ALFREDO BENAVIDES,VIRGEN DE COPACABANA,1.5,9
11606,N67,52,12,AV.,ANGAMOS ESTE,GRUPO DIEZ SAC.,2.1,3
11610,N24,26,1,AV.,ANGAMOS OESTE,GRUPO ORION,2.6,7
11612,N04,29,13,AV.,ANGAMOS OESTE,GRUPO ORION,3.3,1
11613,N42,32,12,AV.,ANDRES AVELINO CACERES,UNIDOS CHAMA,3.9,1
11615,N67,41,9,AV.,ALFREDO BENAVIDES,GRUPO ORION,3.7,2
11629,N71,34,6,AV.,ANGAMOS OESTE,GRUPO ORION,3.2,6
11630,N04,40,6,AV.,ANGAMOS OESTE,GRUPO ORION,3.2,2
11635,N24,22,7,AV.,ALFREDO BENAVIDES,VIRGEN DE COPACABANA,1.4,5
11636,N50,38,2,AV.,PETIT THOUARS,25 DE SETIEMBRE,1.4,6
11637,N71,47,9,AV.,ANDRES AVELINO CACERES,GRUPO ORION,3.0,3
11638,N56A,56,8,AV.,ALFREDO BENAVIDES,AQUARIUS SAC,2.9,0
11639,N50,25,6,AV.,PETIT THOUARS,25 DE SETIEMBRE,2.5,7
11649,N71,49,7,AV.,PETIT THOUARS,ATCR S.A,2.1,3
11650,N24,44,10,AV.,OSCAR R. BENAVIDES,TRANSLIMA SA.,1.5,3
11654,N71,33,11,AV.,JOSE PARDO,GRUPO ORION,2.0,1
11658,N24,44,11,AV.,PETIT THOUARS,URANO TOURS SA.,1.2,3
11659,N71,19,4,AV.,JOSE PARDO,UNIDOS CHAMA,2.4,5
11660,N24,30,4,AV.,OSCAR R. BENAVIDES,URANO TOURS SA.,3.1,7
11661,N24,45,10,AV.,PETIT THOUARS,URANO TOURS SA.,3.7,3
11663,N24,41,13,AV.,PETIT THOUARS,URANO TOURS SA.,2.0,2
11664,N24,33,5,AV.,JOSE PARDO,ESPECIAL SOLIDARIDAD,1.6,6
11665,N24,34,5,AV.,OSCAR R. BENAVIDES,ETUNIJESA,3.1,6
11666,N24,32,10,AV.,OSCAR R. BENAVIDES,ETUNIJESA,1.8,1
11674,N01,34,12,AV.,JOSE PARDO,RAPIDO MUSA SA.,3.9,1
11675,N01,42,5,AV.,PETIT THOUARS,RAPIDO MUSA SA.,2.7,4
11676,N24,38,3,AV.,OSCAR R. BENAVIDES,NOR LIMA,3.2,6
11678,N50,23,11,AV.,ANGAMOS OESTE,SEÃ‘OR DE LA SOLEDAD,3.3,9
11679,N50,32,8,AV.,ALFREDO BENAVIDES,CUARENTA INTEGRADA,2.2,1
11680,N24,47,11,AV.,PETIT THOUARS,ESPECIAL SOLIDARIDAD,3.3,3
11681,N61,28,9,CA.,BERLIN,TRANSPORTES UNIDOS,1.9,1
11683,N24,29,11,CA.,GONZALES PRADA,ESPECIAL SOLIDARIDAD,3.9,1
11685,N01,56,4,AV.,PETIT THOUARS,GRUPO ORION,3.9,0
11693,N01,43,10,AV.,PETIT THOUARS,SAN SEBASTIAN S.A,2.8,2
11694,N61,44,7,AV.,PETIT THOUARS,SAN PEDRO,1.2,4
11696,N24,52,11,CA.,SCHELL,VIRGEN DE COPACABANA,2.8,3
11697,N71,27,5,AV.,PETIT THOUARS,URANO TOURS SA.,3.0,7
11699,N24,41,6,AV.,PETIT THOUARS,URANO TOURS SA.,3.3,4
11700,N24,53,9,AV.,PETIT THOUARS,ESPECIAL SOLIDARIDAD,3.9,0
11701,N71,35,11,CA.,SCHELL,GRUPO ORION,2.2,1
11702,N71,26,11,AV.,PASEO DE LA REPUBLICA,ESPECIAL SOLIDARIDAD,2.5,9
11709,N71,39,2,AV.,DIEZ CANSECO,ESPECIAL SOLIDARIDAD,3.5,6
11711,N24,25,2,AV.,JOSE PARDO,TRANSLIMA SA.,2.7,7
11712,N01,50,8,AV.,PETIT THOUARS,SAN SEBASTIAN S.A,2.2,3
11716,N71,26,8,AV.,ANGAMOS/G. SUAREZ,ATCR S.A,3.5,7
11717,N67,52,1,AV.,ANGAMOS/G. SUAREZ,RAPIDO UNIVERSAL,3.0,8
11718,N48,51,8,AV.,ANGAMOS ESTE,EXPRESS PACHACAMAC,1.4,8
11719,N71,26,13,AV.,JOSE PARDO,GRUPO ORION,3.2,9
11720,N24,36,5,AV.,ROCA Y BOLOGÃ‘A,PRIJUSAC,1.6,6
11724,N61,49,8,AV.,ANGAMOS OESTE,GRUPO DIEZ SAC.,3.9,3
11725,N24,42,9,CA.,GONZALES PRADA,HOGAR TOURS,1.9,2
11726,N24,42,6,AV.,JOSE PARDO,STO. CRISTO DE PACHACAMILLA,3.2,4
11729,N71,24,11,CA.,SCHELL,ESPECIAL SOLIDARIDAD,2.3,9
11730,N71,41,3,AV.,PASEO DE LA REPUBLICA,LOS ANGELES DEL PERU SAC.,1.7,4
11733,N44,55,3,AV.,ANGAMOS ESTE,EXPRESS PACHACAMAC,3.3,8
11740,N48,44,12,AV.,ANGAMOS ESTE,MIRAFLORES MONTERRICO,2.6,3
11741,N24,41,8,CA.,GNRAL. SUAREZ,LOS ANGELES DEL PERU SAC.,3.6,2
11742,N44,56,10,AV.,ANGAMOS ESTE,MIRAFLORES MONTERRICO,3.1,0
11743,N61,46,8,AV.,ANGAMOS ESTE,ATCR S.A,2.3,3
11744,N44,39,8,AV.,ANGAMOS OESTE,MIRAFLORES MONTERRICO,1.6,2
11746,N42,54,2,AV.,ANGAMOS OESTE,MIRAFLORES MONTERRICO,3.0,8
11750,N24,42,9,AV.,PETIT THOUARS,ATCR S.A,1.7,2
11751,N71,26,9,CA.,SCHELL,VIRGEN DE COPACABANA,3.1,7
11752,N71,44,5,AV.,JOSE LARCO,VIRGEN DE COPACABANA,2.5,4
11755,N34,47,6,AV.,OSCAR R. BENAVIDES,UNIDOS CHAMA,2.8,3
11759,N61,37,5,AV.,ANGAMOS OESTE,GRUPO DIEZ SAC.,3.7,6
11761,N34,30,7,AV.,GNRAL. CORDOVA,MIRAFLORES MONTERRICO,1.5,7
11762,N40,36,5,AV.,ANGAMOS ESTE,TRANSCATEL,2.5,6
11766,N50,21,13,CA.,DOS DE MAYO,MIGUEL GRAU,1.4,9
11767,N56A,55,4,CA.,MATEO PUMACAHUA,STAR TOURS,2.6,8
11772,N56A,41,9,AV.,ANGAMOS OESTE,TABLADA 2000,1.6,2
11774,N24,41,8,AV.,PETIT THOUARS,TRANSLIMA SA.,1.9,2
11780,N67,30,7,AV.,SANTA CRUZ,TRANSPORTES ANGAMOS,3.3,7
11782,N24,30,8,AV.,PETIT THOUARS,SAN PEDRO,2.1,7
11785,N24,33,11,AV.,PETIT THOUARS,ESPECIAL SOLIDARIDAD,2.0,1
11787,N24,40,4,AV.,ANGAMOS OESTE,ATCR S.A,3.5,4
11789,N24,40,8,AV.,OSCAR R. BENAVIDES,URANO TOURS SA.,3.9,2
11790,N44,55,8,AV.,ANGAMOS OESTE,RAPIDO UNIVERSAL,1.6,0
11791,N44,47,9,AV.,ANGAMOS OESTE,RAPIDO UNIVERSAL,3.0,3
11792,N67,51,6,AV.,JOSE PARDO,NUEVA AMERICA SA,1.6,8
11793,N01,18,7,AV.,OSCAR R. BENAVIDES,AQUARIUS SAC,3.8,5
11795,N67,56,12,CA.,DOS DE MAYO,GRUPO ORION,1.3,0
11796,N24,38,7,AV.,ALFREDO BENAVIDES,URANO TOURS SA.,1.5,2
11797,N67,38,8,CA.,DOS DE MAYO,GRUPO ORION,3.0,2
11798,N16,57,6,AV.,ANGAMOS OESTE,TRANSPORTES ANGAMOS,1.4,0
11799,N24,36,2,AV.,ALFREDO BENAVIDES,VIRGEN DE COPACABANA,1.3,6
11800,N24,32,5,AV.,PASEO DE LA REPUBLICA,URANO TOURS SA.,1.3,6
11801,N24,40,7,AV.,OSCAR R. BENAVIDES,URANO TOURS SA.,1.4,2
11803,N50,47,8,CA.,DOS DE MAYO,HOGAR TOURS,1.5,3
11805,N34,44,9,AV.,ANGAMOS OESTE,LOS ANGELES DEL PERU SAC.,2.4,3
11806,N67,56,6,CA.,DOS DE MAYO,UNIDOS CHAMA,2.1,0
11807,N24,56,5,AV.,ALFREDO BENAVIDES,VIRGEN DE COPACABANA,3.1,0
11808,N24,53,9,AV.,ALFREDO BENAVIDES,VIRGEN DE COPACABANA,2.6,0
11809,N24,45,11,AV.,ALFREDO BENAVIDES,VIRGEN DE COPACABANA,1.7,3
11810,N24,26,5,AV.,ALFREDO BENAVIDES,VIRGEN DE COPACABANA,3.3,7
11811,N63,57,10,AV.,SANTA CRUZ,MIRAFLORES MONTERRICO,3.6,0
11812,N44,28,11,AV.,ANGAMOS OESTE,TRANSPORTES ANGAMOS,1.4,1
11813,N17,29,8,AV.,ANGAMOS OESTE,TABLADA 2000,2.5,7
11814,N71,55,2,AV.,GNRAL. CORDOVA,MIRAFLORES MONTERRICO,3.4,8
11815,N71,51,11,CA.,GNRAL. VARELA,ETSEMURV SAC,1.2,3
11816,N67,32,6,CA.,DOS DE MAYO,HOGAR TOURS,2.0,1
11820,N67,33,8,AV.,ANGAMOS OESTE,MIRAFLORES MONTERRICO,1.6,1
11824,N71,31,4,AV.,GNRAL. CORDOVA,GRUPO ORION,4.0,6
11827,N24,60,8,AV.,ALFREDO BENAVIDES,VIRGEN DE COPACABANA,2.4,0
11829,N44,60,4,AV.,ANGAMOS OESTE,GRUPLAN SA.,3.9,0
11830,N44,35,2,AV.,GNRAL. CORDOVA,TRANSPORTES ANGAMOS,2.0,6
11831,N24,21,8,AV.,ALFREDO BENAVIDES,VIRGEN DE COPACABANA,1.3,5
11832,N44,53,11,AV.,ANGAMOS OESTE,MIRAFLORES MONTERRICO,1.2,0
11836,N05,40,8,AV.,REPUBLICA DE PANAMA,SAN PEDRO,1.9,2
11838,N42,39,6,AV.,REPUBLICA DE PANAMA,SAN PEDRO,3.8,2
11850,N63,51,6,AV.,ANGAMOS ESTE,STO. CRISTO DE PACHACAMILLA,1.8,8
11852,N56A,28,9,AV.,ANGAMOS OESTE,TABLADA 2000,2.5,7
11855,N71,45,4,AV.,ANGAMOS OESTE,ATCR S.A,2.8,4
11856,N71,45,8,AV.,ANGAMOS OESTE,ATCR S.A,3.7,3
11858,N71,55,2,AV.,ALFREDO BENAVIDES,VIRGEN DE COPACABANA,1.3,8
11859,N24,25,11,AV.,ALFREDO BENAVIDES,VIRGEN DE COPACABANA,1.5,9
11861,N24,37,3,CA.,ATAHUALPA,ESPECIAL SOLIDARIDAD,2.2,6
11862,N67,31,8,AV.,ANGAMOS OESTE,SINCHIROCA,3.0,1
11869,N61,29,10,AV.,ANGAMOS OESTE,GRUPO ORION,2.1,1
11870,N56A,34,8,AV.,ANGAMOS ESTE,MIRAFLORES MONTERRICO,2.0,1
11871,N56A,37,7,AV.,ANGAMOS ESTE,TRANSPORTES ANGAMOS,3.5,2
11873,N50,40,6,AV.,ANGAMOS OESTE,MIRAFLORES MONTERRICO,1.7,2
11874,N24,41,5,AV.,ALFREDO BENAVIDES,URANO TOURS SA.,1.6,4
11875,N56A,58,6,AV.,ANGAMOS ESTE,GRUPLAN SA.,2.9,0
11876,N67,35,6,AV.,PETIT THOUARS,UNIDOS CHAMA,3.3,6
11878,N40,29,6,AV.,ANGAMOS ESTE,ATCR S.A,3.5,7
11879,N67,39,8,CA.,ENRIQUE PALACIOS,GRUPO ORION,2.0,2
11880,N24,40,12,AV.,ALFREDO BENAVIDES,URANO TOURS SA.,3.4,2
11881,N01,40,3,AV.,OSCAR R. BENAVIDES,ETUNIJESA,2.4,4
11882,N67,21,7,AV.,RICARDO PALMA,NUEVA AMERICA SA,3.1,5
11883,N24,42,8,AV.,PETIT THOUARS,LOS ANGELES DEL PERU SAC.,1.3,4
11884,N24,33,14,AV.,RICARDO PALMA,GRUPO ORION,3.9,1
11885,N61,51,5,AV.,RICARDO PALMA,UNIDOS CHAMA,2.5,8
11886,N44,33,4,AV.,ANGAMOS ESTE,LOS ANGELES DEL PERU SAC.,3.7,6
11889,N44,55,5,AV.,ANGAMOS OESTE,GRUPLAN SA.,2.2,0
11891,N24,24,6,AV.,RICARDO PALMA,AQUARIUS SAC,1.3,5
11892,N67,43,7,CA.,GNRAL. SUAREZ,AQUARIUS SAC,3.5,4
11893,N01,57,7,AV.,PETIT THOUARS,RAPIDO MUSA SA.,2.7,0
11894,N44,43,9,AV.,ANGAMOS OESTE,GRUPLAN SA.,1.4,2
11895,N56A,27,2,AV.,ANGAMOS ESTE,MIRAFLORES MONTERRICO,2.7,7
11896,N50,53,9,AV.,ANGAMOS ESTE,MIRAFLORES MONTERRICO,3.4,0
11897,N24,31,11,AV.,PETIT THOUARS,NOR LIMA,2.4,1
11898,N24,37,5,CA.,GNRAL. VARELA,SEÃ‘OR DE LA SOLEDAD,2.4,6
11899,N56A,22,8,AV.,ANDRES AVELINO CACERES,UNIDOS CHAMA,2.7,9
11901,N44,33,6,AV.,ANGAMOS ESTE,GRUPO DIEZ SAC.,2.7,6
11902,N44,59,9,AV.,ANGAMOS ESTE,GRUPO DIEZ SAC.,2.3,0
11903,N44,37,2,AV.,ANGAMOS ESTE,GRUPO DIEZ SAC.,3.3,6
11904,N44,44,4,AV.,ANGAMOS ESTE,GRUPO DIEZ SAC.,2.3,4
11905,N44,42,9,AV.,ANGAMOS ESTE,GRUPO DIEZ SAC.,3.8,2
11907,N50,55,8,AV.,ANDRES AVELINO CACERES,UNIDOS CHAMA,3.6,0
11911,N01,58,10,AV.,JOSE LARCO,VIRGEN DE COPACABANA,2.0,0
11913,N50,32,8,AV.,ANDRES AVELINO CACERES,UNIDOS CHAMA,3.9,1
11916,N61,31,9,AV.,ANDRES AVELINO CACERES,GRUPO ORION,3.5,1
11917,N50,59,7,AV.,ANDRES AVELINO CACERES,GRUPO ORION,2.6,0
11918,N56A,58,10,AV.,ANGAMOS OESTE,TABLADA 2000,2.8,0
11926,N67,33,6,AV.,ANDRES AVELINO CACERES,UNIDOS CHAMA,1.8,6
11931,N50,59,7,AV.,ANGAMOS OESTE,TRANSPORTES ANGAMOS,2.6,0
11932,N56A,34,3,AV.,ANDRES AVELINO CACERES,GRUPO SALAMANCA,1.8,6
11933,N24,46,10,AV.,ANGAMOS OESTE,ATCR S.A,1.5,3
11937,N24,46,9,CA.,GNRAL. VARELA,SEÃ‘OR DE LA SOLEDAD,2.0,3
11938,N56A,29,5,AV.,ANGAMOS OESTE,ET. FOCAM SA.,1.6,7
11939,N56A,50,4,AV.,ANGAMOS OESTE,ET. FOCAM SA.,3.4,8
11941,N56A,23,7,AV.,ANGAMOS OESTE,TRANSPORTES ANGAMOS,3.9,9
11942,N44,38,3,AV.,ANGAMOS OESTE,GRUPO DIEZ SAC.,1.2,6
11943,N44,56,10,AV.,ANGAMOS OESTE,GRUPO DIEZ SAC.,3.5,0
11944,N44,39,4,AV.,ANGAMOS OESTE,GRUPO DIEZ SAC.,2.9,6
11945,N44,39,9,AV.,ANGAMOS OESTE,GRUPO DIEZ SAC.,3.7,2
11946,N56A,50,9,AV.,ANGAMOS OESTE,ET. FOCAM SA.,3.4,3
11947,N71,57,13,AV.,ANGAMOS OESTE,TRANSPORTES UNIDOS,3.0,0
11948,N24,44,6,AV.,PETIT THOUARS,ATCR S.A,2.7,4
11949,N67,35,8,AV.,ANGAMOS ESTE,TABLADA 2000,2.3,1
11950,N24,31,9,AV.,PETIT THOUARS,GRUPO ORION,3.3,1
11951,N71,25,2,CA.,GNRAL. VARELA,GRUPO ORION,3.6,7
11952,N24,53,5,AV.,JOSE LARCO,GRUPO ORION,2.5,8
11953,N56A,44,2,AV.,ANGAMOS OESTE,TRANSPORTES ANGAMOS,2.8,4
11957,N42,22,4,AV.,ANGAMOS OESTE,ET. FOCAM SA.,2.0,5
11958,N56A,40,12,AV.,ANGAMOS OESTE,ET. FOCAM SA.,3.4,2
11959,N24,26,3,AV.,JOSE PARDO,ATCR S.A,1.9,7
11960,N71,46,5,AV.,ANGAMOS OESTE,TRANSPORTES ANGAMOS,2.0,4
11961,N56A,57,9,AV.,ANGAMOS OESTE,MIRAFLORES MONTERRICO,2.3,0
11963,N24,34,7,AV.,PETIT THOUARS,ESPECIAL SOLIDARIDAD,1.6,1
11964,N42,36,3,AV.,ANGAMOS OESTE,MIRAFLORES MONTERRICO,1.5,6
11965,N67,25,8,AV.,ANGAMOS OESTE,MIRAFLORES MONTERRICO,4.0,9
11966,N24,36,13,AV.,ANGAMOS OESTE,ATCR S.A,1.7,2
11970,N61,25,9,AV.,PASEO DE LA REPUBLICA,AQUARIUS SAC,2.9,9
11971,N01,38,9,AV.,ANGAMOS ESTE,LOS ANGELES DEL PERU SAC.,1.4,2
11973,N56A,53,8,AV.,ANGAMOS OESTE,ETSEMURV SAC,3.0,8
11975,N24,50,5,AV.,ALFREDO BENAVIDES,VIRGEN DE COPACABANA,1.3,8
11976,N24,41,6,AV.,PETIT THOUARS,URANO TOURS SA.,3.5,4
11977,N24,46,4,AV.,PETIT THOUARS,URANO TOURS SA.,3.0,4
11980,N67,29,3,AV.,ANGAMOS ESTE,CORPORACION ALELUYA,1.6,7
11981,N63,57,4,AV.,ANGAMOS OESTE,MIRAFLORES MONTERRICO,3.8,0
11985,N56A,38,4,AV.,ANGAMOS OESTE,TRANSPORTES ANGAMOS,1.4,6
11986,N71,23,7,AV.,ANGAMOS OESTE,RAPIDO UNIVERSAL,3.3,9
11990,N61,57,10,AV.,ANGAMOS OESTE,MIRAFLORES MONTERRICO,2.3,0
11991,N24,35,10,AV.,ALFREDO BENAVIDES,URANO TOURS SA.,1.8,1
11996,N71,60,1,AV.,ANGAMOS OESTE,EXPRESS PACHACAMAC,2.5,0
11998,N44,33,11,AV.,ANGAMOS OESTE,GRUPO ORION,2.9,1
12001,N71,33,4,AV.,PASEO DE LA REPUBLICA,GRUPO ORION,3.0,6
12002,N42,30,5,AV.,ANGAMOS OESTE,ET. FOCAM SA.,3.3,7
12003,N01,24,5,CA.,SAN MARTIN,SAN SEBASTIAN S.A,2.6,5
12008,N56A,29,8,AV.,ANGAMOS OESTE,MIRAFLORES MONTERRICO,3.7,7
12009,N67,23,10,AV.,ANGAMOS ESTE,TRANSPORTES ANGAMOS,2.0,9
12011,N56A,27,1,AV.,ANGAMOS OESTE,TABLADA 2000,2.3,7
12012,N24,21,6,AV.,ANGAMOS OESTE,ATCR S.A,2.8,5
12013,N71,44,5,AV.,ALFREDO BENAVIDES,URANO TOURS SA.,2.3,4
12016,N24,28,8,AV.,ANGAMOS OESTE,ATCR S.A,1.6,7
12023,N24,34,11,AV.,ANGAMOS OESTE,ATCR S.A,3.6,1
12025,N44,43,5,AV.,ANGAMOS OESTE,TABLADA 2000,2.9,4
12027,N24,28,3,AV.,ALFREDO BENAVIDES,VIRGEN DE COPACABANA,3.9,7
12028,N24,46,3,AV.,ALFREDO BENAVIDES,VIRGEN DE COPACABANA,3.7,4
12029,N24,53,8,AV.,ALFREDO BENAVIDES,VIRGEN DE COPACABANA,2.7,0
12031,N40,55,4,AV.,ALFREDO BENAVIDES,ESPECIAL SOLIDARIDAD,2.8,8
12041,N71,26,8,CA.,SAN MARTIN,GRUPO ORION,3.9,7
12043,N24,49,8,AV.,ALFREDO BENAVIDES,VIRGEN DE COPACABANA,3.5,3
12044,N71,28,9,CA.,CHICLAYO,ETSEMURV SAC,2.4,7
12047,N56A,55,7,AV.,ANGAMOS OESTE,TABLADA 2000,1.3,0
12048,N24,29,5,AV.,ALFREDO BENAVIDES,URANO TOURS SA.,2.9,7
12049,N01,47,10,AV.,ANGAMOS OESTE,GRUPLAN SA.,1.7,3
12051,N34,21,7,AV.,MARISCAL LA MAR,SANTA LUZMILA,2.1,5
12053,N71,50,10,AV.,MARISCAL LA MAR,SANTA LUZMILA,2.9,3
12055,N44,26,6,AV.,ANGAMOS OESTE,GRUPO ORION,1.8,7
12058,N44,25,5,AV.,ANGAMOS OESTE,MIRAFLORES MONTERRICO,3.2,7
12060,N50,22,5,AV.,ANGAMOS OESTE,SEÃ‘OR DE LA SOLEDAD,1.6,5
12063,N24,28,12,CA.,RAMON RIBEYRO,UNIDOS CHAMA,1.7,1
12064,N67,47,13,AV.,ALFREDO BENAVIDES,GRUPO ORION,3.2,3
12065,N24,37,6,AV.,OSCAR R. BENAVIDES,URANO TOURS SA.,2.0,2
12067,N34,49,4,AV.,OSCAR R. BENAVIDES,UNIDOS CHAMA,3.4,8
12069,N40,54,12,AV.,OSCAR R. BENAVIDES,ESPECIAL SOLIDARIDAD,3.8,0
12070,N63,26,5,AV.,PETIT THOUARS,CORPORACION ALELUYA,2.0,7
12071,N24,50,6,AV.,ALFREDO BENAVIDES,URANO TOURS SA.,3.8,8
12074,N40,19,4,AV.,ALFREDO BENAVIDES,ESPECIAL SOLIDARIDAD,1.3,5
12076,N40,35,8,AV.,OSCAR R. BENAVIDES,ESPECIAL SOLIDARIDAD,1.2,1
12079,N40,39,9,CA.,GNRAL. SUAREZ,UNIDOS CHAMA,3.9,2
12081,N63,30,4,CA.,GNRAL. SUAREZ,MIGUEL GRAU,3.9,7
12085,N67,28,5,AV.,DEL EJERCITO,TRANSPORTES UNIDOS,3.0,7
12086,N67,27,8,AV.,ANGAMOS OESTE,MIRAFLORES MONTERRICO,1.2,7
12089,N61,26,8,AV.,JOSE PARDO,STO. CRISTO DE PACHACAMILLA,3.1,7
12091,N24,41,7,AV.,JOSE PARDO,URANO TOURS SA.,2.5,4
12093,N67,29,8,AV.,ANGAMOS OESTE,NUEVO HORIZONTE,3.4,7
12094,N24,51,7,AV.,OSCAR R. BENAVIDES,URANO TOURS SA.,3.5,8
12095,N71,40,7,AV.,ANGAMOS OESTE,ATCR S.A,1.5,2
12096,N61,45,5,AV.,ALFREDO BENAVIDES,GRUPO ORION,3.1,4
12098,N24,23,5,AV.,OSCAR R. BENAVIDES,URANO TOURS SA.,1.5,5
12099,N24,24,3,AV.,OSCAR R. BENAVIDES,URANO TOURS SA.,1.3,5
12103,N24,22,10,AV.,PETIT THOUARS,URANO TOURS SA.,2.7,9
12107,N50,53,11,AV.,ANGAMOS OESTE,MIRAFLORES MONTERRICO,2.0,0
12113,N24,49,8,CA.,PIURA,MIRAFLORES MONTERRICO,2.2,3
12114,N61,39,7,AV.,OSCAR R. BENAVIDES,VIRGEN DE COPACABANA,1.8,2
12115,N71,56,10,AV.,OSCAR R. BENAVIDES,VIRGEN DE COPACABANA,3.3,0
12116,N24,28,3,AV.,PETIT THOUARS,URANO TOURS SA.,1.5,7
12122,N61,59,10,AV.,PETIT THOUARS,GRUPO ORION,1.4,0
12124,N50,27,10,AV.,ANGAMOS OESTE,TABLADA 2000,2.6,9
12125,N50,29,5,AV.,ANGAMOS OESTE,TABLADA 2000,3.9,7
12128,N56A,37,4,CA.,DOS DE MAYO,GRUPO ORION,3.4,6
12129,N67,36,11,AV.,OSCAR R. BENAVIDES,STO. CRISTO DE PACHACAMILLA,3.5,2
12133,N50,27,10,AV.,PETIT THOUARS,STAR TOURS,2.1,9
12134,N24,19,8,AV.,OSCAR R. BENAVIDES,URANO TOURS SA.,3.4,5
12136,N71,29,13,CA.,ATAHUALPA,LOS ANGELES DEL PERU SAC.,2.6,1
12137,N44,48,8,AV.,ANGAMOS OESTE,EDILBERTO RAMOS SAC,2.5,3
12139,N01,40,10,AV.,PETIT THOUARS,RAPIDO MUSA SA.,2.7,2
12141,N24,32,8,AV.,OSCAR R. BENAVIDES,URANO TOURS SA.,2.6,1
12142,N71,34,6,AV.,ANGAMOS OESTE,ATCR S.A,2.4,6
12143,N67,53,4,AV.,JOSE LARCO,GRUPO ORION,2.0,8
12145,N71,47,12,AV.,ANGAMOS OESTE,ATCR S.A,1.4,3
12146,N61,41,2,AV.,ANGAMOS OESTE,TRANSPORTES ANGAMOS,3.2,4
12150,N71,29,7,AV.,ANGAMOS OESTE,ATCR S.A,3.8,7
12151,N56A,25,4,CA.,DOS DE MAYO,STAR TOURS,4.0,7
12152,N67,32,9,AV.,OSCAR R. BENAVIDES,ESPECIAL SOLIDARIDAD,3.5,1
12158,N56A,59,9,CA.,DOS DE MAYO,STAR TOURS,3.9,0
12164,N71,37,7,AV.,OSCAR R. BENAVIDES,VIRGEN DE COPACABANA,4.0,2
12165,N71,19,4,AV.,ANGAMOS OESTE,MIRAFLORES MONTERRICO,1.7,5
12169,N56A,22,5,CA.,DOS DE MAYO,STAR TOURS,3.6,5
12170,N01,22,7,AV.,ANGAMOS OESTE,LOS ANGELES DEL PERU SAC.,3.1,5
12172,N71,54,10,AV.,RICARDO PALMA,SAN ANTONIO,2.8,0
12173,N24,32,9,AV.,PETIT THOUARS,ESPECIAL SOLIDARIDAD,1.8,1
12174,N67,52,11,AV.,DEL EJERCITO,MIRAFLORES MONTERRICO,1.3,3
12177,N24,55,5,AV.,PETIT THOUARS,GRUPO ORION,3.9,0
12180,N71,58,5,CA.,GNRAL. VARELA,SEÃ‘OR DE LA SOLEDAD,2.8,0
12181,N71,43,5,CA.,PIURA,GRUPLAN SA.,1.5,4
12182,N71,25,6,AV.,JOSE PARDO,GRUPO ORION,3.9,7
12183,N71,35,9,AV.,JOSE LARCO,URANO TOURS SA.,2.0,1
12187,N44,19,5,AV.,ANGAMOS OESTE,LOS ANGELES DEL PERU SAC.,1.4,5
12188,N24,38,10,AV.,JOSE LARCO,STAR TOURS,2.5,2
12190,N24,46,8,AV.,JOSE LARCO,VIRGEN DE COPACABANA,1.8,3
12193,N24,26,6,AV.,JOSE LARCO,URANO TOURS SA.,3.0,7
12199,N61,24,8,AV.,JOSE LARCO,GRUPO ORION,2.9,9
12204,N24,46,1,AV.,PETIT THOUARS,GRUPO ORION,1.8,4
12207,N40,50,7,AV.,JOSE LARCO,ESPECIAL SOLIDARIDAD,2.6,3
12209,N61,48,7,AV.,ANGAMOS ESTE,RAPIDO UNIVERSAL,1.4,3
12210,N40,51,9,AV.,ANGAMOS ESTE,TRANSPORTES ANGAMOS,3.7,3
12211,N24,46,10,AV.,ANGAMOS OESTE,ATCR S.A,2.4,3
12212,N71,48,8,AV.,JOSE LARCO,GRUPO ORION,1.4,3
12213,N61,24,11,AV.,JOSE LARCO,UNIDOS CHAMA,2.7,9
12216,N40,23,7,AV.,ANGAMOS ESTE,MIRAFLORES MONTERRICO,2.9,9
12218,N48,45,7,AV.,PETIT THOUARS,HOGAR TOURS,2.4,4
12219,N67,40,6,AV.,PASEO DE LA REPUBLICA,NORTEAMERICA,2.1,2
12223,N24,57,6,AV.,ALFREDO BENAVIDES,URANO TOURS SA.,3.2,0
12224,N50,41,8,AV.,CMDTE. ESPINAR,CUARENTA INTEGRADA,1.8,2
12225,N44,29,4,CA.,DOS DE MAYO,GRUPO SALAMANCA,3.6,7
12227,N56A,22,7,AV.,ANGAMOS ESTE,ETSEMURV SAC,1.4,5
12228,N56A,36,8,AV.,ANGAMOS OESTE,MIRAFLORES MONTERRICO,1.6,2
12229,N24,24,6,AV.,PETIT THOUARS,URANO TOURS SA.,1.4,9
12230,N56A,22,4,AV.,PETIT THOUARS,GRUPO ORION,1.4,5
12231,N67,26,6,AV.,ANGAMOS ESTE,TRANSPORTES ANGAMOS,2.5,7
12236,N50,43,5,AV.,JOSE PARDO,UNIDOS CHAMA,2.4,4
12237,N63,20,8,CA.,GNRAL. MENDIBURU,GRUPLAN SA.,1.4,5
12238,N61,41,4,CA.,GNRAL. VARELA,GRUPO ORION,2.2,4
12242,N71,50,6,CA.,GNRAL. VARELA,TRANSPORTES ANGAMOS,2.2,8
12244,N56A,40,9,AV.,ANGAMOS OESTE,GRUPLAN SA.,2.0,2
12245,N40,38,10,AV.,ANGAMOS ESTE,FOCAM SA.,3.2,2
12247,N24,58,11,AV.,CASIMIRO ULLOA,URANO TOURS SA.,2.4,0
12248,N56A,46,4,AV.,ANGAMOS OESTE,MIRAFLORES MONTERRICO,2.2,4
12253,N24,47,4,AV.,JOSE PARDO,SAN SEBASTIAN S.A,1.6,4
12254,N56A,60,10,AV.,ANGAMOS OESTE,EXPRESS PACHACAMAC,3.1,0
12255,N56A,29,7,AV.,ANGAMOS OESTE,TRANSPORTES ANGAMOS,3.3,7
12256,N56A,49,1,AV.,ANGAMOS OESTE,ETSEMURV SAC,2.2,8
12258,N71,49,4,CA.,ALMTE. MONTERO,TRANSPORTES ANGAMOS,2.2,8
12259,N71,35,9,AV.,PETIT THOUARS,ATCR S.A,2.3,1
12262,N67,43,7,AV.,OSCAR R. BENAVIDES,STO. CRISTO DE PACHACAMILLA,2.4,4
12263,N24,43,6,AV.,ALFREDO BENAVIDES,VIRGEN DE COPACABANA,2.5,4
12264,N24,31,8,AV.,PETIT THOUARS,URANO TOURS SA.,2.2,1
12265,N67,19,8,AV.,CMDTE. ESPINAR,CUARENTA INTEGRADA,1.7,5
12266,N71,34,3,AV.,RICARDO PALMA,GRUPO ORION,1.9,6
12267,N24,22,3,AV.,ALFREDO BENAVIDES,URANO TOURS SA.,2.7,5
12268,N24,28,6,AV.,ALFREDO BENAVIDES,URANO TOURS SA.,3.6,7
12269,N48,56,7,AV.,ANGAMOS ESTE,LOS ANGELES DEL PERU SAC.,4.0,0
12272,N56A,47,5,AV.,ANGAMOS OESTE,TRANSPORTES ANGAMOS,2.4,4
12274,N24,31,6,AV.,RICARDO PALMA,GRUPO ORION,2.9,7
12275,N24,30,11,AV.,PETIT THOUARS,ESPECIAL SOLIDARIDAD,3.8,1
12278,N56A,50,8,CA.,CRNEL. INCLAN,TRANSVESA,1.3,3
12280,N24,55,7,AV.,ALFREDO BENAVIDES,VIRGEN DE COPACABANA,3.8,0
12281,N71,59,10,AV.,ANGAMOS OESTE,GRUPO ORION,3.5,0
12282,N24,30,4,AV.,PETIT THOUARS,TRANSLIMA SA.,3.8,7
12283,N24,58,8,AV.,OSCAR R. BENAVIDES,URANO TOURS SA.,2.3,0
12284,N24,55,8,AV.,PETIT THOUARS,URANO TOURS SA.,3.5,0
12285,N67,43,12,AV.,ANGAMOS OESTE,MIRAFLORES MONTERRICO,1.9,2
12286,N71,20,11,AV.,JOSE LARCO,ESPECIAL SOLIDARIDAD,3.9,9
12288,N34,23,12,AV.,OSCAR R. BENAVIDES,UNIDOS CHAMA,3.9,9
12291,N24,58,11,AV.,PETIT THOUARS/ANGAMOS,GRUPO ORION,2.4,0
12292,N67,56,8,AV.,ANGAMOS OESTE,GRUPLAN SA.,3.3,0
12293,N56A,49,10,CA.,DOS DE MAYO,UNIDOS CHAMA,2.4,3
12295,N24,29,9,AV.,PETIT THOUARS,GRUPO ORION,2.2,7
12296,N24,42,10,AV.,PETIT THOUARS,ESPECIAL SOLIDARIDAD,3.8,2
12297,N24,28,8,AV.,PETIT THOUARS,GRUPO ORION,2.5,7
12298,N33,29,11,CA.,ENRIQUE PALACIOS,NORTEAMERICA,2.0,1
12299,N71,53,4,AV.,JOSE PARDO,GRUPO ORION,1.2,8
12301,N56A,20,7,AV.,ANGAMOS OESTE,MIRAFLORES MONTERRICO,3.3,5
12302,N24,20,12,AV.,OSCAR R. BENAVIDES,VIRGEN DE COPACABANA,3.3,9
12303,N67,53,5,AV.,PETIT THOUARS,25 DE SETIEMBRE,1.4,8
12304,N56A,50,4,CA.,DOS DE MAYO,GRUPO ORION,3.7,8
12305,N71,44,7,AV.,PASEO DE LA REPUBLICA,ESPECIAL SOLIDARIDAD,3.5,4
12306,N71,22,8,AV.,PASEO DE LA REPUBLICA,ESPECIAL SOLIDARIDAD,2.3,9
12308,N01,24,9,AV.,ANGAMOS OESTE,GRUPO ORION,2.7,9
12310,N56A,31,9,AV.,ANGAMOS OESTE,TRANSPORTES ANGAMOS,3.6,1
12315,N48,26,4,AV.,ANGAMOS OESTE,FOCAM SA.,3.2,7
12316,N71,32,6,AV.,PASEO DE LA REPUBLICA,ESPECIAL SOLIDARIDAD,2.5,1
12318,N56A,28,4,AV.,ANGAMOS OESTE,TRANSPORTES ANGAMOS,3.7,7
12331,N24,46,8,AV.,OSCAR R. BENAVIDES,URANO TOURS SA.,1.7,3
12332,N56A,33,9,AV.,ANGAMOS OESTE,TRANSPORTES ANGAMOS,1.5,1
12338,N56A,36,10,CA.,DOS DE MAYO,UNIDOS CHAMA,2.6,2
12339,N56A,41,5,CA.,DOS DE MAYO,AQUARIUS SAC,3.6,4
12344,N71,39,7,AV.,GNRAL. CORDOVA,TRANSPORTES ANGAMOS,1.6,2
12345,N24,28,3,AV.,ALFREDO BENAVIDES,VIRGEN DE COPACABANA,2.3,7
12346,N53,34,10,AV.,ANGAMOS OESTE,SAGRADO CORAZON,2.1,1
12348,N71,34,8,CA.,GNRAL. VARELA,GRUPO ORION,3.1,6
12353,N24,29,5,AV.,ALFREDO BENAVIDES,URANO TOURS SA.,1.5,7
12354,N24,51,3,AV.,ALFREDO BENAVIDES,URANO TOURS SA.,2.6,8
12355,N24,59,8,AV.,PETIT THOUARS,ESPECIAL SOLIDARIDAD,3.2,0
12357,N24,47,8,AV.,ALFREDO BENAVIDES,URANO TOURS SA.,3.1,3
12358,N61,56,6,AV.,JOSE LARCO,TRANSLIMA SA.,2.7,0
12361,N24,22,10,AV.,ALFREDO BENAVIDES,VIRGEN DE COPACABANA,3.4,9
12363,N24,56,5,AV.,ALFREDO BENAVIDES,URANO TOURS SA.,2.7,0
12368,N24,43,4,AV.,PETIT THOUARS,ESPECIAL SOLIDARIDAD,1.6,4
12376,N71,50,10,AV.,JOSE LARCO,URANO TOURS SA.,3.9,3
12378,N24,50,4,AV.,ALFREDO BENAVIDES,URANO TOURS SA.,1.6,8
12384,N24,33,8,AV.,ALFREDO BENAVIDES,URANO TOURS SA.,2.8,1
12385,N34,40,6,AV.,ALFREDO BENAVIDES,GRUPO ORION,3.8,2
12386,N71,48,6,AV.,CMDTE. ESPINAR,ESTSACASA,3.4,3
12388,N67,18,4,AV.,ALFREDO BENAVIDES,HOGAR TOURS,1.5,5
12389,N34,53,2,AV.,ALFREDO BENAVIDES,CUARENTA INTEGRADA,2.0,8
12390,N24,52,7,AV.,ALFREDO BENAVIDES,URANO TOURS SA.,3.1,8
12392,N71,53,6,CA.,CRNEL. INCLAN,ATCR S.A,3.7,8
12393,N48,52,5,AV.,ALFREDO BENAVIDES,GRUPO ORION,2.8,8
12394,N71,40,4,AV.,OSCAR R. BENAVIDES,VIRGEN DE COPACABANA,2.7,4
12397,N24,50,4,AV.,ALFREDO BENAVIDES,VIRGEN DE COPACABANA,1.8,8
12398,N61,48,6,AV.,ANGAMOS OESTE,MIRAFLORES MONTERRICO,2.1,8
12402,N24,34,10,AV.,ALFREDO BENAVIDES,URANO TOURS SA.,3.2,1
12403,N24,34,9,AV.,ALFREDO BENAVIDES,URANO TOURS SA.,3.7,1
12404,N24,29,4,AV.,ALFREDO BENAVIDES,URANO TOURS SA.,2.5,7
12405,N40,25,9,AV.,JOSE LARCO,UNIDOS CHAMA,1.6,9
12406,N40,30,8,AV.,JOSE LARCO,UNIDOS CHAMA,2.7,1
12407,N34,30,10,AV.,JOSE LARCO,GRUPO ORION,2.3,1
12408,N34,22,10,AV.,ALFREDO BENAVIDES,ESPECIAL SOLIDARIDAD,1.8,9
12411,N50,57,11,AV.,JOSE LARCO,UNIDOS CHAMA,1.4,0
12413,N24,50,12,AV.,ALFREDO BENAVIDES,VIRGEN DE COPACABANA,2.0,3
12414,N50,41,7,AV.,ALFREDO BENAVIDES,LAS FLORES,1.6,2
12417,N61,21,3,AV.,JOSE LARCO,TRANSLIMA SA.,1.8,5
12418,N71,52,10,AV.,JOSE LARCO,VIRGEN DE COPACABANA,3.1,3
12420,N01,36,10,AV.,JOSE LARCO,ESPECIAL SOLIDARIDAD,1.3,1
12421,N24,42,7,AV.,JOSE LARCO,VIRGEN DE COPACABANA,2.7,2
12423,N01,32,10,AV.,ALFREDO BENAVIDES,VIRGEN DE COPACABANA,3.1,1
12424,N24,30,10,AV.,JOSE LARCO,VIRGEN DE COPACABANA,3.4,1
12425,N24,43,6,AV.,JOSE LARCO,URANO TOURS SA.,1.9,4
12426,N24,23,8,AV.,OSCAR R. BENAVIDES,URANO TOURS SA.,2.8,9
12427,N61,56,9,AV.,JOSE PARDO,GRUPO ORION,2.0,0
12437,N71,30,13,CA.,CRNEL. INCLAN,ETSEMURV SAC,4.0,1
12438,N34,33,3,AV.,PASEO DE LA REPUBLICA,UNIDOS CHAMA,1.4,6
12439,N24,34,3,AV.,JOSE LARCO,VIRGEN DE COPACABANA,1.4,6
12440,N24,55,5,AV.,JOSE LARCO,VIRGEN DE COPACABANA,2.3,0
12441,N24,22,11,AV.,ALFREDO BENAVIDES,VIRGEN DE COPACABANA,3.6,9
12445,N24,56,7,AV.,ALFREDO BENAVIDES,VIRGEN DE COPACABANA,3.6,0
12446,N24,43,6,AV.,ALFREDO BENAVIDES,VIRGEN DE COPACABANA,2.4,4
12447,N71,36,11,AV.,JOSE LARCO,TRANSLIMA SA.,2.9,2
12448,N24,27,9,AV.,ALFREDO BENAVIDES,URANO TOURS SA.,1.3,7
12449,N34,39,7,AV.,ALFREDO BENAVIDES,GRUPO ORION,1.9,2
12451,N24,26,3,AV.,JOSE LARCO,VIRGEN DE COPACABANA,3.2,7
12452,N34,60,3,AV.,JOSE LARCO,GRUPO ORION,1.3,0
12454,N50,33,6,AV.,ANGAMOS ESTE,TABLADA 2000,3.8,6
12455,N01,26,9,AV.,ANGAMOS ESTE,GRUPO ORION,3.4,9
12456,N24,32,8,AV.,JOSE LARCO,VIRGEN DE COPACABANA,3.5,1
12457,N24,47,7,AV.,JOSE LARCO,VIRGEN DE COPACABANA,2.4,3
12458,N01,43,6,AV.,OSCAR R. BENAVIDES,VIRGEN DE COPACABANA,3.9,4
12459,N24,38,9,AV.,OSCAR R. BENAVIDES,VIRGEN DE COPACABANA,1.9,2
12462,N24,36,7,AV.,JOSE LARCO,TRANSLIMA SA.,2.3,2
12465,N24,32,8,CA.,GONZALES PRADA,UNIDOS CHAMA,1.4,1
12466,N24,20,4,AV.,PETIT THOUARS,ESPECIAL SOLIDARIDAD,1.6,5
12468,N33,19,6,AV.,JOSE LARCO,ESPECIAL SOLIDARIDAD,2.4,5
12469,N01,33,1,AV.,PASEO DE LA REPUBLICA,ESPECIAL SOLIDARIDAD,2.2,6
12470,N24,60,6,AV.,PASEO DE LA REPUBLICA,ESPECIAL SOLIDARIDAD,2.8,0
12471,N24,18,7,AV.,PASEO DE LA REPUBLICA,ESPECIAL SOLIDARIDAD,2.0,5
12472,N24,49,6,AV.,PASEO DE LA REPUBLICA,ESPECIAL SOLIDARIDAD,3.1,3
12474,N50,56,7,AV.,ANGAMOS ESTE,SEÃ‘OR DE LA SOLEDAD,2.6,0
12477,N24,44,9,AV.,JOSE LARCO,URANO TOURS SA.,2.7,4
12478,N24,23,3,AV.,JOSE LARCO,VIRGEN DE COPACABANA,3.0,5
12479,N24,42,6,AV.,JOSE LARCO,TRANSLIMA SA.,2.8,4
12480,N24,45,9,AV.,JOSE LARCO,URANO TOURS SA.,1.3,3
12481,N24,56,8,AV.,JOSE LARCO,TRANSLIMA SA.,3.6,0
12483,N24,26,9,AV.,JOSE LARCO,URANO TOURS SA.,3.1,9
12484,N24,32,9,AV.,ALFREDO BENAVIDES,URANO TOURS SA.,2.1,1
12485,N24,52,7,AV.,PASEO DE LA REPUBLICA,ESPECIAL SOLIDARIDAD,1.7,8
12486,N40,47,6,AV.,JOSE LARCO,UNIDOS CHAMA,2.2,3
12487,N24,54,12,AV.,ALFREDO BENAVIDES,VIRGEN DE COPACABANA,3.8,0
12489,N24,21,7,AV.,ALFREDO BENAVIDES,VIRGEN DE COPACABANA,1.9,5
12493,N24,47,8,CA.,LOS PINOS,URANO TOURS SA.,2.4,3
12494,N24,23,5,CA.,LOS PINOS,URANO TOURS SA.,2.2,5
12496,N71,52,5,CA.,CRNEL. INCLAN,EDILBERTO RAMOS SAC,3.9,8
12500,N24,29,10,AV.,JOSE LARCO,VIRGEN DE COPACABANA,2.1,7
12502,N24,48,4,AV.,PASEO DE LA REPUBLICA,ESPECIAL SOLIDARIDAD,1.4,3
12503,N24,31,4,AV.,JOSE LARCO,URANO TOURS SA.,2.8,7
12505,N50,54,1,AV.,ANGAMOS ESTE,EDILBERTO RAMOS SAC,1.5,8
12508,N24,51,10,AV.,PASEO DE LA REPUBLICA,URANO TOURS SA.,1.7,3
12509,N24,55,7,AV.,ALFREDO BENAVIDES,URANO TOURS SA.,1.6,0
12510,N24,58,8,AV.,JOSE LARCO,VIRGEN DE COPACABANA,1.6,0
12511,N24,31,10,AV.,ALFREDO BENAVIDES,URANO TOURS SA.,2.1,1
12512,N67,25,9,AV.,ALFREDO BENAVIDES,CUARENTA INTEGRADA,2.2,9
12513,N24,48,2,AV.,PASEO DE LA REPUBLICA,ESPECIAL SOLIDARIDAD,3.9,4
12519,N67,33,8,AV.,ANGAMOS OESTE,EDILBERTO RAMOS SAC,1.6,1
12520,N71,51,12,AV.,ALFREDO BENAVIDES,URANO TOURS SA.,1.5,3
12522,N24,49,7,AV.,ALFREDO BENAVIDES,VIRGEN DE COPACABANA,2.6,3
12529,N24,53,3,AV.,ALFREDO BENAVIDES,URANO TOURS SA.,3.2,8
12531,N67,27,8,AV.,CMDTE. ESPINAR,ETUPSA 73,2.0,7
12532,N24,20,9,AV.,JOSE PARDO,ATCR S.A,3.8,9
12536,N24,21,3,AV.,JOSE PARDO,TRANSLIMA SA.,4.0,5
12538,N34,35,5,AV.,ALFREDO BENAVIDES,GRUPO ORION,3.3,6
12540,N24,23,9,AV.,PASEO DE LA REPUBLICA,ESPECIAL SOLIDARIDAD,2.2,9
12541,N24,57,8,AV.,ALFREDO BENAVIDES,VIRGEN DE COPACABANA,3.8,0
12542,N24,21,5,AV.,OSCAR R. BENAVIDES,URANO TOURS SA.,1.5,5
12543,N67,35,2,AV.,ALFREDO BENAVIDES,STO. CRISTO DE PACHACAMILLA,3.8,6
12546,N24,45,5,AV.,OSCAR R. BENAVIDES,URANO TOURS SA.,2.4,4
12547,N24,34,10,AV.,ALFREDO BENAVIDES,URANO TOURS SA.,2.4,1
12548,N24,43,6,AV.,ALFREDO BENAVIDES,VIRGEN DE COPACABANA,3.1,4
12549,N67,37,7,AV.,ALFREDO BENAVIDES,GRUPO ORION,3.0,6
12550,N67,57,7,AV.,ALFREDO BENAVIDES,ESPECIAL SOLIDARIDAD,3.1,0
12552,N34,49,3,AV.,ALFREDO BENAVIDES,GRUPO ORION,2.8,8
12553,N24,51,3,AV.,JOSE LARCO,ATCR S.A,3.3,8
12554,N24,59,9,AV.,PETIT THOUARS,ATCR S.A,3.2,0
12555,N24,25,4,AV.,JOSE LARCO,URANO TOURS SA.,1.2,7
12556,N24,38,6,AV.,ALFREDO BENAVIDES,VIRGEN DE COPACABANA,2.1,2
12557,N24,35,6,CA.,CRNEL. INCLAN,12 DE NOVIEMBRE,3.5,6
12558,N24,45,7,AV.,JOSE LARCO,VIRGEN DE COPACABANA,2.3,4
12559,N71,38,5,CA.,CRNEL. INCLAN,MIRAFLORES MONTERRICO,4.0,6
12560,N61,27,10,AV.,JOSE PARDO,GRUPO ORION,2.9,1
12561,N67,44,9,CA.,DOS DE MAYO,NORTEAMERICA,3.6,3
12562,N71,50,3,CA.,CRNEL. INCLAN,ETSEMURV SAC,3.1,8
12563,N71,43,10,CA.,CRNEL. INCLAN,GRUPLAN SA.,1.2,2
12564,N67,48,1,CA.,DOS DE MAYO,UNIDOS CHAMA,3.7,8
12566,N67,39,2,AV.,ALFREDO BENAVIDES,GRUPO ORION,2.4,6
12569,N24,29,10,AV.,ALFREDO BENAVIDES,URANO TOURS SA.,1.2,1
12575,N50,58,13,AV.,PASEO DE LA REPUBLICA,GRUPO SALAMANCA,3.0,0
12577,N67,58,5,AV.,ALFREDO BENAVIDES,STO. CRISTO DE PACHACAMILLA,1.7,0
12578,N24,31,9,AV.,JOSE LARCO,VIRGEN DE COPACABANA,1.6,1
12579,N40,42,7,AV.,JOSE LARCO,ESPECIAL SOLIDARIDAD,2.4,4
12580,N24,25,12,AV.,ALFREDO BENAVIDES,URANO TOURS SA.,1.7,9
12581,N71,60,6,CA.,CRNEL. INCLAN,EDILBERTO RAMOS SAC,3.8,0
12582,N71,22,5,CA.,CRNEL. INCLAN,ETSEMURV SAC,3.6,5
12584,N24,60,5,AV.,ALFREDO BENAVIDES,EL PROGRESO S.A,3.7,0
12586,N01,35,7,AV.,ALFREDO BENAVIDES,VIRGEN DE COPACABANA,1.8,6
12593,N71,57,10,CA.,CRNEL. INCLAN,LOS ANGELES DEL PERU SAC.,1.7,0
12596,N01,51,13,AV.,PASEO DE LA REPUBLICA,ESPECIAL SOLIDARIDAD,3.9,3
12597,N34,34,2,AV.,ALFREDO BENAVIDES,STO. CRISTO DE PACHACAMILLA,3.7,6
12599,N24,28,13,AV.,ALFREDO BENAVIDES,URANO TOURS SA.,1.5,1
12600,N67,35,4,AV.,ALFREDO BENAVIDES,GRUPO ORION,4.0,6
12601,N24,20,2,AV.,ALFREDO BENAVIDES,URANO TOURS SA.,3.4,5
12602,N24,56,8,AV.,PASEO DE LA REPUBLICA,ESPECIAL SOLIDARIDAD,2.2,0
12603,N24,46,6,AV.,ALFREDO BENAVIDES,VIRGEN DE COPACABANA,1.3,3
12605,N71,29,7,CA.,CRNEL. INCLAN,TRANSPORTES ANGAMOS,3.2,7
12609,N24,43,6,AV.,JOSE LARCO,VIRGEN DE COPACABANA,4.0,4
12610,N24,28,12,AV.,ALFREDO BENAVIDES,URANO TOURS SA.,3.6,1
12611,N24,43,2,AV.,ALFREDO BENAVIDES,URANO TOURS SA.,3.0,4
12612,N34,54,8,AV.,ALFREDO BENAVIDES,GRUPO ORION,3.0,0
12614,N24,31,8,AV.,ALFREDO BENAVIDES,VIRGEN DE COPACABANA,2.6,7
12615,N67,32,7,AV.,JOSE PARDO,STO. CRISTO DE PACHACAMILLA,2.5,1
12619,N24,43,4,AV.,ALFREDO BENAVIDES,VIRGEN DE COPACABANA,1.8,4
12620,N67,48,6,AV.,PASEO DE LA REPUBLICA,GRUPO ORION,3.4,3
12621,N24,32,8,AV.,ALFREDO BENAVIDES,VIRGEN DE COPACABANA,3.8,1
12622,N24,58,2,AV.,ALFREDO BENAVIDES,VIRGEN DE COPACABANA,4.0,0
12623,N24,57,6,AV.,ALFREDO BENAVIDES,VIRGEN DE COPACABANA,1.6,0
12624,N24,54,4,AV.,ALFREDO BENAVIDES,VIRGEN DE COPACABANA,3.3,0
12627,N24,57,12,AV.,ALFREDO BENAVIDES,VIRGEN DE COPACABANA,1.7,0
12630,N24,28,6,AV.,ALFREDO BENAVIDES,URANO TOURS SA.,1.2,7
12633,N24,30,11,AV.,ALFREDO BENAVIDES,URANO TOURS SA.,1.3,1
12634,N24,21,5,AV.,PASEO DE LA REPUBLICA,ESPECIAL SOLIDARIDAD,3.7,5
12635,N67,51,5,AV.,ALFREDO BENAVIDES,ESPECIAL SOLIDARIDAD,3.3,8
12638,N24,46,8,AV.,ALFREDO BENAVIDES,VIRGEN DE COPACABANA,1.3,3
12639,N24,44,4,AV.,ALFREDO BENAVIDES,VIRGEN DE COPACABANA,1.8,4
12640,N24,27,10,AV.,ALFREDO BENAVIDES,VIRGEN DE COPACABANA,3.4,7
12641,N67,49,9,AV.,ALFREDO BENAVIDES,GRUPO ORION,3.2,3
12642,N24,36,5,AV.,ALFREDO BENAVIDES,URANO TOURS SA.,3.4,6
12643,N24,43,1,AV.,PASEO DE LA REPUBLICA,ESPECIAL SOLIDARIDAD,3.5,4
12644,N24,20,2,AV.,ALFREDO BENAVIDES,VIRGEN DE COPACABANA,3.4,5
12645,N24,59,2,CA.,JOSE GALVEZ,ESPECIAL SOLIDARIDAD,1.8,0
12646,N24,41,12,AV.,OSCAR R. BENAVIDES,VIRGEN DE COPACABANA,1.3,2
12648,N24,31,8,AV.,ALFREDO BENAVIDES,VIRGEN DE COPACABANA,1.6,7
12649,N24,32,7,AV.,ALFREDO BENAVIDES,VIRGEN DE COPACABANA,3.2,7
12650,N24,29,10,AV.,ALFREDO BENAVIDES,VIRGEN DE COPACABANA,3.6,7
12651,N67,44,8,AV.,ALFREDO BENAVIDES,GRUPO ORION,2.7,3
12653,N24,32,7,AV.,ALFREDO BENAVIDES,URANO TOURS SA.,2.6,1
12654,N71,40,11,AV.,JOSE LARCO,GRUPO ORION,3.9,2
12655,N24,45,3,AV.,ALFREDO BENAVIDES,VIRGEN DE COPACABANA,2.8,4
12659,N34,49,10,AV.,ALFREDO BENAVIDES,GRUPO ORION,1.6,3
12660,N24,55,6,AV.,PASEO DE LA REPUBLICA,ESPECIAL SOLIDARIDAD,3.2,0
12661,N01,52,7,AV.,ALFREDO BENAVIDES,VIRGEN DE COPACABANA,3.5,8
12663,N24,44,8,AV.,ALFREDO BENAVIDES,VIRGEN DE COPACABANA,3.8,3
12664,N24,40,7,AV.,ALFREDO BENAVIDES,VIRGEN DE COPACABANA,2.6,2
12665,N24,32,11,AV.,ALFREDO BENAVIDES,URANO TOURS SA.,1.2,1
12666,N24,59,6,AV.,PASEO DE LA REPUBLICA,ESPECIAL SOLIDARIDAD,3.7,0
12671,N24,31,5,AV.,ALFREDO BENAVIDES,VIRGEN DE COPACABANA,2.7,7
12673,N40,27,3,AV.,ALFREDO BENAVIDES,ESPECIAL SOLIDARIDAD,2.6,7
12676,N67,41,9,AV.,ALFREDO BENAVIDES,CUARENTA INTEGRADA,3.2,2
12677,N67,33,3,AV.,ALFREDO BENAVIDES,GRUPO ORION,3.6,6
12678,N67,27,7,AV.,ALFREDO BENAVIDES,GRUPO ORION,3.7,7
12679,N01,60,3,CA.,CRNEL. INCLAN,LOS ANGELES DEL PERU SAC.,2.0,0
12680,N24,56,5,AV.,ALFREDO BENAVIDES,URANO TOURS SA.,1.5,0
12681,N24,28,7,AV.,ALFREDO BENAVIDES,URANO TOURS SA.,2.2,7
12682,N24,56,6,AV.,ALFREDO BENAVIDES,ESPECIAL SOLIDARIDAD,2.3,0
12683,N24,51,6,AV.,ALFREDO BENAVIDES,VIRGEN DE COPACABANA,2.7,8
12684,N24,34,6,AV.,ALFREDO BENAVIDES,VIRGEN DE COPACABANA,2.9,6
12685,N24,47,6,AV.,ALFREDO BENAVIDES,VIRGEN DE COPACABANA,3.6,3
12686,N24,24,7,AV.,ALFREDO BENAVIDES,VIRGEN DE COPACABANA,1.8,7
12687,N67,28,8,AV.,ALFREDO BENAVIDES,GRUPO ORION,2.1,7
12688,N67,50,5,AV.,ALFREDO BENAVIDES,ESPECIAL SOLIDARIDAD,2.3,8
12691,N67,37,7,AV.,ANGAMOS OESTE,GRUPLAN SA.,1.7,2
12695,N24,31,9,AV.,ALFREDO BENAVIDES,VIRGEN DE COPACABANA,2.0,1
12697,N71,39,4,CA.,CRNEL. INCLAN,ETSEMURV SAC,2.5,6
12698,N24,53,8,AV.,ALFREDO BENAVIDES,URANO TOURS SA.,1.2,8
12699,N24,54,8,AV.,PASEO DE LA REPUBLICA,URANO TOURS SA.,1.5,0
12700,N01,42,7,AV.,PASEO DE LA REPUBLICA,ESPECIAL SOLIDARIDAD,2.5,4
12701,N34,20,6,AV.,ALFREDO BENAVIDES,GRUPO ORION,2.9,5
12702,N34,44,10,AV.,ALFREDO BENAVIDES,GRUPO ORION,3.8,3
12703,N71,23,9,CA.,CRNEL. INCLAN,TRANSPORTES ANGAMOS,2.8,9
12704,N24,25,10,AV.,RICARDO PALMA,GRUPO ORION,1.9,9
12705,N24,30,3,AV.,ALFREDO BENAVIDES,VIRGEN DE COPACABANA,2.1,7
12706,N24,34,8,AV.,ALFREDO BENAVIDES,URANO TOURS SA.,1.9,1
12712,N71,36,4,CA.,CRNEL. INCLAN,EDILBERTO RAMOS SAC,2.0,6
12714,N24,44,8,AV.,PETIT THOUARS,URANO TOURS SA.,3.6,4
12719,N61,36,4,AV.,PETIT THOUARS,GRUPO ORION,2.9,6
12720,N67,19,4,AV.,PASEO DE LA REPUBLICA,36 SAN MARTIN DE PORRES,2.2,5
12721,N24,45,6,AV.,OSCAR R. BENAVIDES,URANO TOURS SA.,1.2,4
12722,N40,40,6,AV.,JOSE PARDO,ESPECIAL SOLIDARIDAD,3.0,2
12727,N24,50,2,AV.,ANGAMOS OESTE,ATCR S.A,1.6,8
12728,N67,45,10,AV.,ALFREDO BENAVIDES,GRUPO ORION,3.2,3
12733,N24,56,9,AV.,JOSE LARCO,URANO TOURS SA.,2.5,0
12734,N24,18,6,AV.,OSCAR R. BENAVIDES,ATCR S.A,2.5,5
12735,N71,59,1,CA.,CRNEL. INCLAN,TABLADA 2000,3.4,0
12737,N24,59,7,AV.,ALFREDO BENAVIDES,VIRGEN DE COPACABANA,2.7,0
12738,N24,57,3,AV.,ALFREDO BENAVIDES,VIRGEN DE COPACABANA,1.9,0
12739,N34,60,5,AV.,ALFREDO BENAVIDES,ESPECIAL SOLIDARIDAD,1.3,0
12740,N40,28,5,AV.,ANGAMOS OESTE,MIRAFLORES MONTERRICO,1.8,7
12741,N67,23,13,CA.,DOS DE MAYO,GRUPO ORION,3.1,9
12743,N40,41,8,AV.,ALFREDO BENAVIDES,ESPECIAL SOLIDARIDAD,1.4,2
12746,N24,39,8,AV.,ALFREDO BENAVIDES,VIRGEN DE COPACABANA,2.9,2
12748,N24,31,6,AV.,ALFREDO BENAVIDES,VIRGEN DE COPACABANA,1.2,7
12749,N24,53,4,AV.,OSCAR R. BENAVIDES,TRANSLIMA SA.,1.9,8
12750,N24,50,3,AV.,ALFREDO BENAVIDES,URANO TOURS SA.,1.3,8
12751,N71,26,4,CA.,CRNEL. INCLAN,ETSEMURV SAC,2.1,7
12753,N67,47,5,AV.,OSCAR R. BENAVIDES,UNIDOS CHAMA,3.9,4
12755,N67,51,8,AV.,ANGAMOS OESTE,ETSEMURV SAC,2.0,8
12756,N67,21,8,AV.,OSCAR R. BENAVIDES,GRUPO ORION,2.0,5
12757,N71,30,10,CA.,CRNEL. INCLAN,MIRAFLORES MONTERRICO,1.9,1
12759,N71,29,7,CA.,SCHELL,GRUPO ORION,1.9,7
12760,N67,21,2,AV.,OSCAR R. BENAVIDES,GRUPO ORION,2.0,5
12761,N67,38,3,AV.,OSCAR R. BENAVIDES,UNIDOS CHAMA,3.2,6
12762,N71,57,8,CA.,CRNEL. INCLAN,LOS ANGELES DEL PERU SAC.,2.4,0
12765,N71,38,9,CA.,CRNEL. INCLAN,TRANSPORTES ANGAMOS,2.8,2
12767,N24,57,8,AV.,PETIT THOUARS,GRUPO ORION,3.8,0
12768,N71,23,6,CA.,CRNEL. INCLAN,EXPRESS PACHACAMAC,2.9,5
12770,N63,30,11,AV.,ANGAMOS OESTE,ET. FOCAM SA.,3.7,1
12772,N24,38,10,AV.,JOSE LARCO,TRANSLIMA SA.,1.8,2
12773,N34,49,9,AV.,OSCAR R. BENAVIDES,UNIDOS CHAMA,2.0,3
12774,N24,20,10,AV.,PETIT THOUARS,GRUPO ORION,3.0,9
12777,N24,52,10,CA.,CRNEL. INCLAN,EDILBERTO RAMOS SAC,3.3,3
12778,N67,54,4,AV.,ANGAMOS ESTE,GRUPLAN SA.,3.5,8
12779,N01,30,10,AV.,JOSE PARDO,ESPECIAL SOLIDARIDAD,1.5,1
12780,N71,56,4,CA.,CRNEL. INCLAN,LOS ANGELES DEL PERU SAC.,3.1,0
12782,N71,50,6,CA.,CRNEL. INCLAN,LOS ANGELES DEL PERU SAC.,2.4,8
12783,N48,22,6,AV.,ANGAMOS OESTE,ETSEMURV SAC,1.7,5
12787,N24,55,7,AV.,JOSE PARDO,ESPECIAL SOLIDARIDAD,2.9,0
12788,N71,19,11,CA.,CRNEL. INCLAN,MIRAFLORES MONTERRICO,1.3,9
12790,N24,32,8,AV.,ALFREDO BENAVIDES,VIRGEN DE COPACABANA,2.4,1
12791,N24,40,7,AV.,OSCAR R. BENAVIDES,VIRGEN DE COPACABANA,1.5,2
12792,N67,49,3,AV.,JOSE PARDO,STO. CRISTO DE PACHACAMILLA,1.6,8
12793,N67,28,5,AV.,OSCAR R. BENAVIDES,STO. CRISTO DE PACHACAMILLA,1.8,7
12794,N67,31,6,AV.,OSCAR R. BENAVIDES,GRUPO ORION,2.0,6
12795,N24,43,10,AV.,JOSE PARDO,ESPECIAL SOLIDARIDAD,2.8,3
12796,N24,40,2,AV.,PASEO DE LA REPUBLICA,ESPECIAL SOLIDARIDAD,3.4,4
12797,N24,48,9,AV.,JOSE PARDO,ESPECIAL SOLIDARIDAD,3.1,3
12798,N24,25,12,AV.,JOSE PARDO,URANO TOURS SA.,2.0,9
12799,N24,31,9,AV.,JOSE PARDO,URANO TOURS SA.,4.0,1
12800,N67,25,2,AV.,ANGAMOS OESTE,GRUPO ORION,3.1,7
12802,N24,45,8,AV.,JOSE PARDO,ESPECIAL SOLIDARIDAD,3.8,3
12804,N33,25,6,AV.,ANGAMOS OESTE,GRUPO ORION,3.8,7
12808,N71,20,1,CA.,CRNEL. INCLAN,SAGRADO CORAZON,2.2,5
12809,N34,21,4,AV.,ALFREDO BENAVIDES,GRUPO ORION,1.3,5
12810,N01,41,10,AV.,ANGAMOS OESTE,TRANSCATEL,3.1,2
12813,N24,57,8,AV.,ANGAMOS OESTE,LOS ANGELES DEL PERU SAC.,3.1,0
12814,N40,32,11,AV.,ANGAMOS OESTE,TRANSPORTES ANGAMOS,3.3,1
12815,N71,50,6,CA.,CRNEL. INCLAN,LOS ANGELES DEL PERU SAC.,1.6,8
12816,N71,48,13,CA.,CRNEL. INCLAN,SAN IGNACIO SA.,2.6,3
12817,N01,52,9,AV.,PASEO DE LA REPUBLICA,ESPECIAL SOLIDARIDAD,1.3,3
12818,N24,32,6,AV.,PASEO DE LA REPUBLICA,ESPECIAL SOLIDARIDAD,2.0,1
12826,N24,34,6,AV.,ALFREDO BENAVIDES,VIRGEN DE COPACABANA,2.6,6
12827,N24,41,10,AV.,ALFREDO BENAVIDES,URANO TOURS SA.,3.7,2
12831,N56A,51,7,AV.,ANGAMOS OESTE,TRANSPORTES ANGAMOS,2.3,8
12846,N40,45,6,AV.,ANGAMOS ESTE,ET. FOCAM SA.,2.0,4
12851,N71,35,9,CA.,GNRAL. VARELA,MIRAFLORES MONTERRICO,2.2,1
12852,N71,56,12,CA.,CRNEL. INCLAN,ETSEMURV SAC,3.2,0
12853,N40,18,2,AV.,ALFREDO BENAVIDES,ESPECIAL SOLIDARIDAD,2.0,5
12854,N24,27,8,AV.,ALFREDO BENAVIDES,URANO TOURS SA.,1.3,7
12856,N34,38,7,AV.,GNRAL. CORDOVA,TRANSPORTES ANGAMOS,2.1,2
12857,N24,32,8,AV.,PASEO DE LA REPUBLICA,URANO TOURS SA.,2.9,1
12858,N63,19,6,AV.,ANGAMOS OESTE,TABLADA 2000,1.9,5
12859,N34,31,7,AV.,OSCAR R. BENAVIDES,UNIDOS CHAMA,3.3,1
12860,N33,20,2,AV.,ANGAMOS OESTE,TRANSPORTES ANGAMOS,1.4,5
12861,N50,18,8,AV.,ANGAMOS ESTE,NUEVO HORIZONTE,2.5,5
12863,N61,18,12,AV.,ANGAMOS ESTE,LOS ANGELES DEL PERU SAC.,3.7,9
12864,N24,53,7,AV.,ALFREDO BENAVIDES,VIRGEN DE COPACABANA,1.2,0
12865,N24,20,1,AV.,PETIT THOUARS,URANO TOURS SA.,2.7,5
12866,N67,51,4,CA.,ENRIQUE PALACIOS,GRUPO ORION,3.8,8
12867,N24,55,11,AV.,PASEO DE LA REPUBLICA,ESPECIAL SOLIDARIDAD,2.2,0
12868,N71,60,2,CA.,SCHELL,ESPECIAL SOLIDARIDAD,3.2,0
12869,N37,48,10,AV.,ANGAMOS OESTE,MIRAFLORES MONTERRICO,2.3,3
12876,N71,44,3,CA.,GNRAL. VARELA,LOS ANGELES DEL PERU SAC.,3.9,4
12879,N24,38,11,AV.,PETIT THOUARS,RAPIDO MUSA SA.,3.4,2
12880,N24,43,9,AV.,PETIT THOUARS,RAPIDO MUSA SA.,2.8,4
12884,N67,44,10,AV.,ALFREDO BENAVIDES,GRUPO ORION,3.1,3
12885,N67,58,12,AV.,EMILIO CAVENECIA,GRUPO ORION,3.2,0
12886,N63,34,6,AV.,ANGAMOS OESTE,MIRAFLORES MONTERRICO,1.6,6
12887,N01,43,7,AV.,ANGAMOS OESTE,GRUPO ORION,1.6,4
12888,N24,55,10,AV.,ALFREDO BENAVIDES,VIRGEN DE COPACABANA,3.1,0
12889,N67,53,7,AV.,CMDTE. ESPINAR,CUARENTA INTEGRADA,3.9,8
12890,N67,20,6,AV.,PASEO DE LA REPUBLICA,UNIDOS CHAMA,1.8,5
12891,N40,30,3,AV.,ALFREDO BENAVIDES,ESPECIAL SOLIDARIDAD,1.6,7
12893,N24,58,5,AV.,PASEO DE LA REPUBLICA,ESPECIAL SOLIDARIDAD,3.1,0
12896,N24,46,11,AV.,PASEO DE LA REPUBLICA,ESPECIAL SOLIDARIDAD,3.2,3
12899,N71,33,7,CA.,CRNEL. INCLAN,SAGRADO CORAZON,3.8,1
12900,N71,34,10,AV.,PETIT THOUARS,ESPECIAL SOLIDARIDAD,2.9,1
12907,N24,51,6,AV.,ALFREDO BENAVIDES,URANO TOURS SA.,1.3,8
12908,N71,51,12,AV.,PETIT THOUARS,ATCR S.A,2.8,3
12909,N34,32,9,AV.,ALFREDO BENAVIDES,GRUPO ORION,1.4,1
12910,N34,45,4,AV.,ALFREDO BENAVIDES,GRUPO ORION,3.6,4
12912,N67,26,11,AV.,ALFREDO BENAVIDES,GRUPO ORION,3.6,9
12913,N40,39,10,AV.,ANGAMOS OESTE,TRANSPORTES ANGAMOS,3.0,2
12915,N24,44,5,AV.,ANGAMOS OESTE,ATCR S.A,3.9,4
12916,N63,40,10,AV.,ANGAMOS OESTE,TRANSPORTES ANGAMOS,2.9,2
12918,N71,37,8,CA.,GNRAL. VARELA,TRANSPORTES ANGAMOS,3.0,2
12919,N34,54,8,AV.,ALFREDO BENAVIDES,GRUPO ORION,2.2,0
12920,N24,29,12,AV.,ALFREDO BENAVIDES,URANO TOURS SA.,2.8,1
12922,N34,53,7,AV.,ALFREDO BENAVIDES,GRUPO ORION,3.9,8
12926,N67,33,3,AV.,ANGAMOS OESTE,TRANSPORTES ANGAMOS,1.6,6
12928,N71,33,3,CA.,GNRAL. VARELA,ET. FOCAM SA.,1.3,6
12930,N67,26,11,AV.,ALFREDO BENAVIDES,STO. CRISTO DE PACHACAMILLA,1.3,9
12931,N24,48,8,AV.,ANGAMOS OESTE,LOS ANGELES DEL PERU SAC.,2.1,3
12934,N40,50,3,AV.,ANGAMOS OESTE,EDILBERTO RAMOS SAC,3.5,8
12935,N24,59,5,AV.,ANGAMOS OESTE,ATCR S.A,3.8,0
12936,N71,54,4,CA.,CRNEL. INCLAN,SAN IGNACIO SA.,4.0,8
12937,N01,43,5,CA.,CRNEL. INCLAN,ATCR S.A,1.6,4
12938,N24,46,4,AV.,PASEO DE LA REPUBLICA,GRUPO ORION,1.8,4
12939,N71,40,8,CA.,CRNEL. INCLAN,ATCR S.A,1.6,2
12941,N24,58,8,AV.,PASEO DE LA REPUBLICA,GRUPO ORION,2.8,0
12942,N71,53,9,AV.,ANGAMOS OESTE,ATCR S.A,2.7,0
12943,N61,33,4,AV.,PETIT THOUARS,GRUPO ORION,2.4,6
12945,N24,29,3,AV.,ALFREDO BENAVIDES,VIRGEN DE COPACABANA,3.0,7
12946,N34,38,10,AV.,OSCAR R. BENAVIDES,TRANSLIMA SA.,1.7,2
12947,N22,47,2,CA.,ATAHUALPA,ESPECIAL SOLIDARIDAD,2.9,4
12948,N22,42,8,CA.,ATAHUALPA,ESPECIAL SOLIDARIDAD,2.8,2
12949,N22,25,5,CA.,ATAHUALPA,ESPECIAL SOLIDARIDAD,2.3,7
12953,N71,27,6,CA.,CRNEL. INCLAN,MIRAFLORES MONTERRICO,2.1,7
12956,N34,19,8,AV.,OSCAR R. BENAVIDES,UNIDOS CHAMA,1.8,5
12957,N24,19,11,AV.,ANGAMOS OESTE,ATCR S.A,1.5,9
12960,N34,35,3,AV.,OSCAR R. BENAVIDES,TRANSLIMA SA.,3.9,6
12961,N24,23,6,AV.,ALFREDO BENAVIDES,URANO TOURS SA.,3.2,5
12962,N24,51,5,AV.,PASEO DE LA REPUBLICA,URANO TOURS SA.,3.8,8
12964,N24,22,6,AV.,ANGAMOS OESTE,GRUPO ORION,3.5,5
12965,N42,30,9,AV.,OSCAR R. BENAVIDES,UNIDOS CHAMA,3.2,1
12966,N44,40,4,AV.,ANGAMOS OESTE,EDILBERTO RAMOS SAC,3.7,4
12968,N44,19,7,AV.,OSCAR R. BENAVIDES,ESPECIAL SOLIDARIDAD,1.6,5
12973,N01,31,5,AV.,PETIT THOUARS,ESPECIAL SOLIDARIDAD,3.6,1
12974,N24,53,2,AV.,ALFREDO BENAVIDES,VIRGEN DE COPACABANA,1.4,8
12976,N56A,42,9,AV.,ANGAMOS ESTE,ETSEMURV SAC,2.9,2
12977,N24,19,6,AV.,PETIT THOUARS,ESPECIAL SOLIDARIDAD,2.7,5
12978,N24,37,6,AV.,ALFREDO BENAVIDES,URANO TOURS SA.,3.0,2
12980,N01,35,11,AV.,ANGAMOS/AREQUIPA,LOS ANGELES DEL PERU SAC.,3.0,1
12981,N24,30,14,AV.,ALFREDO BENAVIDES,VIRGEN DE COPACABANA,1.3,1
12982,N24,24,6,AV.,ALFREDO BENAVIDES,VIRGEN DE COPACABANA,3.5,7
12983,N24,35,7,AV.,PETIT THOUARS,URANO TOURS SA.,3.4,6
12986,N67,52,4,AV.,PASEO DE LA REPUBLICA,GRUPO ORION,3.9,8
12987,N44,19,2,AV.,ALFREDO BENAVIDES,ESPECIAL SOLIDARIDAD,3.5,5
12988,N56A,47,5,AV.,ANGAMOS ESTE,TABLADA 2000,3.9,4
12991,N24,49,4,AV.,ALFREDO BENAVIDES,VIRGEN DE COPACABANA,3.2,8
12992,N71,59,9,CA.,CRNEL. INCLAN,TRANSPORTES ANGAMOS,2.6,0
12995,N56A,24,2,AV.,ANGAMOS ESTE,TRANSPORTES ANGAMOS,1.6,5
12996,N50,60,6,AV.,ANGAMOS ESTE,MIRAFLORES MONTERRICO,3.1,0
12998,N24,28,9,AV.,ALFREDO BENAVIDES,URANO TOURS SA.,2.3,7
12999,N24,45,11,AV.,ALFREDO BENAVIDES,URANO TOURS SA.,3.3,3
13000,N01,25,13,AV.,PETIT THOUARS,ESPECIAL SOLIDARIDAD,1.7,9
13001,N24,39,6,AV.,JOSE LARCO,URANO TOURS SA.,3.1,2
13003,N24,40,7,AV.,OSCAR R. BENAVIDES,URANO TOURS SA.,3.3,2
13006,N01,44,7,AV.,JOSE LARCO,ATCR S.A,2.7,4
13007,N24,56,0,AV.,OSCAR R. BENAVIDES,URANO TOURS SA.,3.2,8
13008,N24,49,8,AV.,OSCAR R. BENAVIDES,URANO TOURS SA.,3.2,3
13010,N24,27,7,AV.,OSCAR R. BENAVIDES,VIRGEN DE COPACABANA,3.9,7
13011,N24,31,4,AV.,JOSE LARCO,VIRGEN DE COPACABANA,3.4,7
13013,N24,58,6,AV.,JOSE LARCO,URANO TOURS SA.,1.3,0
13018,N62,19,13,AV.,JOSE LARCO,STO. CRISTO DE PACHACAMILLA,2.9,9
13019,N62,32,3,AV.,JOSE LARCO,STO. CRISTO DE PACHACAMILLA,2.7,6
13020,N24,28,7,AV.,JOSE LARCO,VIRGEN DE COPACABANA,1.6,7
13022,N71,29,5,CA.,CRNEL. INCLAN,MIRAFLORES MONTERRICO,3.7,7
13024,N40,31,8,AV.,JOSE LARCO,ESPECIAL SOLIDARIDAD,2.7,1
13025,N01,32,6,AV.,JOSE LARCO,ATCR S.A,3.2,1
13026,N53,36,8,AV.,ANGAMOS OESTE,12 DE NOVIEMBRE,1.4,2
13027,N24,52,6,AV.,PETIT THOUARS,URANO TOURS SA.,3.4,8
13029,N01,35,4,AV.,ANGAMOS OESTE,LOS ANGELES DEL PERU SAC.,1.5,6
13032,N24,54,4,AV.,ANGAMOS OESTE,LOS ANGELES DEL PERU SAC.,3.1,8
13034,N50,46,5,AV.,RICARDO PALMA,GRUPO ORION,1.2,4
13035,N50,26,3,AV.,PASEO DE LA REPUBLICA,UNIDOS CHAMA,3.2,7
13036,N71,55,2,CA.,ATAHUALPA,SAGRADO CORAZON,2.9,8
13043,N01,44,4,AV.,JOSE LARCO,ESPECIAL SOLIDARIDAD,2.8,4
13046,N24,57,5,AV.,JOSE LARCO,VIRGEN DE COPACABANA,3.2,0
13047,N56A,19,11,AV.,PETIT THOUARS,GRUPO ORION,3.0,9
13050,N24,40,8,AV.,JOSE LARCO,VIRGEN DE COPACABANA,1.5,2
13051,N24,29,11,AV.,JOSE LARCO,VIRGEN DE COPACABANA,2.5,1
13052,N24,20,6,AV.,JOSE LARCO,VIRGEN DE COPACABANA,4.0,5
13053,N24,54,6,AV.,JOSE LARCO,URANO TOURS SA.,1.3,8
13055,N61,21,9,AV.,JOSE PARDO,ESPECIAL SOLIDARIDAD,1.2,9
13057,N24,35,9,AV.,JOSE PARDO,GRUPO ORION,3.1,2
13058,N34,45,10,AV.,ALFREDO BENAVIDES,GRUPO ORION,3.6,3
13060,N56A,55,13,AV.,PETIT THOUARS,STAR TOURS,3.3,0
13061,N22,45,4,AV.,PETIT THOUARS,GRUPO DIEZ SAC.,1.4,4
13062,N22,50,6,AV.,PETIT THOUARS,GRUPO DIEZ SAC.,2.3,8
13063,N71,49,10,AV.,JOSE PARDO,ESPECIAL SOLIDARIDAD,1.5,3
13065,N24,24,11,AV.,JOSE LARCO,URANO TOURS SA.,3.6,9
13066,N24,21,7,AV.,PASEO DE LA REPUBLICA,GRUPO ORION,1.5,5
13067,N24,45,7,AV.,ALFREDO BENAVIDES,URANO TOURS SA.,2.3,4
13068,N24,51,7,AV.,ALFREDO BENAVIDES,URANO TOURS SA.,2.9,8
13071,N24,47,6,AV.,ALFREDO BENAVIDES,URANO TOURS SA.,3.8,3
13076,N67,59,7,AV.,PASEO DE LA REPUBLICA,AQUARIUS SAC,2.4,0
13077,N24,27,3,AV.,ALFREDO BENAVIDES,VIRGEN DE COPACABANA,2.7,7
13078,N24,52,6,AV.,ALFREDO BENAVIDES,VIRGEN DE COPACABANA,3.2,8
13079,N24,21,6,AV.,ALFREDO BENAVIDES,URANO TOURS SA.,3.6,5
13080,N34,31,8,AV.,OSCAR R. BENAVIDES,VIRGEN DE COPACABANA,3.5,1
13081,N24,58,8,AV.,ALFREDO BENAVIDES,VIRGEN DE COPACABANA,1.7,0
13082,N24,30,8,AV.,ALFREDO BENAVIDES,VIRGEN DE COPACABANA,3.8,7
13083,N34,20,6,AV.,ALFREDO BENAVIDES,GRUPO ORION,3.1,5
13085,N24,46,11,AV.,ALFREDO BENAVIDES,URANO TOURS SA.,2.1,3
13086,N24,23,6,AV.,ALFREDO BENAVIDES,URANO TOURS SA.,4.0,5
13087,N61,40,6,CA.,ENRIQUE PALACIOS,GRUPO ORION,3.1,2
13088,N24,49,1,AV.,ALFREDO BENAVIDES,URANO TOURS SA.,3.4,8
13089,N24,51,6,AV.,ALFREDO BENAVIDES,URANO TOURS SA.,3.4,8
13092,N71,43,5,AV.,ALFREDO BENAVIDES,TRANSLIMA SA.,1.4,4
13096,N24,53,6,AV.,PASEO DE LA REPUBLICA,ESPECIAL SOLIDARIDAD,2.3,8
13097,N71,39,9,CA.,CRNEL. INCLAN,ATCR S.A,1.9,2
13101,N24,48,12,AV.,ALFREDO BENAVIDES,VIRGEN DE COPACABANA,2.4,3
13102,N24,40,7,AV.,OSCAR R. BENAVIDES,TRANSLIMA SA.,2.7,2
13106,N24,49,6,AV.,JOSE LARCO,ESPECIAL SOLIDARIDAD,2.8,3
13107,N67,35,4,AV.,ALFREDO BENAVIDES,GRUPO ORION,1.5,6
13108,N67,58,6,AV.,PASEO DE LA REPUBLICA,UNIDOS CHAMA,2.0,0
13109,N24,40,3,AV.,OSCAR R. BENAVIDES,URANO TOURS SA.,3.2,4
13110,N24,18,12,AV.,ALFREDO BENAVIDES,URANO TOURS SA.,3.2,9
13111,N24,42,7,AV.,PETIT THOUARS,ATCR S.A,1.9,4
13116,N24,24,10,AV.,RICARDO PALMA,ESPECIAL SOLIDARIDAD,1.7,9
13117,N24,25,5,AV.,PASEO DE LA REPUBLICA,ESPECIAL SOLIDARIDAD,3.4,7
13120,N24,38,2,AV.,ALFREDO BENAVIDES,VIRGEN DE COPACABANA,2.1,6
13121,N24,34,10,AV.,JOSE LARCO,TRANSLIMA SA.,1.7,1
13122,N67,21,3,AV.,ALFREDO BENAVIDES,GRUPO ORION,3.5,5
13124,N24,35,9,AV.,ALFREDO BENAVIDES,VIRGEN DE COPACABANA,2.3,2
13126,N01,22,7,AV.,JOSE LARCO,TRANSLIMA SA.,2.0,5
13128,N24,23,7,AV.,RICARDO PALMA,ESPECIAL SOLIDARIDAD,2.9,9
13129,N24,38,3,AV.,PETIT THOUARS,GRUPO ORION,2.1,6
13133,N24,51,3,AV.,JOSE LARCO,ESPECIAL SOLIDARIDAD,2.4,8
13135,N24,30,5,AV.,PASEO DE LA REPUBLICA,GRUPO ORION,1.7,7
13137,N34,40,2,AV.,ALFREDO BENAVIDES,GRUPO ORION,1.6,6
13138,N34,60,3,AV.,ALFREDO BENAVIDES,GRUPO ORION,2.5,0
13139,N34,37,1,AV.,ALFREDO BENAVIDES,GRUPO ORION,1.9,6
13140,N34,27,8,AV.,ALFREDO BENAVIDES,GRUPO ORION,3.5,7
13141,N67,38,12,AV.,ALFREDO BENAVIDES,GRUPO ORION,3.0,2
13142,N24,48,5,AV.,PETIT THOUARS,GRUPO ORION,2.3,4
13143,N24,35,8,CA.,SCIPION LLONA,GRUPO ORION,1.5,6
13144,N34,55,4,AV.,ALFREDO BENAVIDES,GRUPO ORION,1.4,8
13148,N01,19,10,AV.,ALFREDO BENAVIDES,VIRGEN DE COPACABANA,2.3,9
13150,N44,58,4,AV.,ANGAMOS OESTE,TRANSPORTES ANGAMOS,2.5,0
13151,N40,40,11,AV.,ALFREDO BENAVIDES,VIRGEN DE COPACABANA,1.2,2
13152,N34,46,8,AV.,ALFREDO BENAVIDES,GRUPO ORION,2.6,3
13153,N67,30,5,AV.,ALFREDO BENAVIDES,GRUPO ORION,1.4,7
13155,N44,51,1,AV.,ANGAMOS OESTE,TRANSPORTES ANGAMOS,2.1,8
13157,N71,44,10,CA.,ATAHUALPA,MIRAFLORES MONTERRICO,2.0,3
13158,N42,52,8,AV.,JOSE LARCO,ESPECIAL SOLIDARIDAD,3.3,8
13162,N67,37,7,AV.,ALFREDO BENAVIDES,UNIDOS CHAMA,3.3,2
13163,N44,32,9,AV.,ANGAMOS OESTE,EXPRESS PACHACAMAC,2.3,1
13164,N24,38,6,AV.,OSCAR R. BENAVIDES,ATCR S.A,1.3,2
13166,N67,37,5,AV.,ANGAMOS OESTE,RAPIDO UNIVERSAL,2.9,6
13167,N24,24,4,AV.,OSCAR R. BENAVIDES,VIRGEN DE COPACABANA,3.8,7
13168,N24,42,3,AV.,PETIT THOUARS,ATCR S.A,2.7,4
13169,N50,19,7,AV.,ALFREDO BENAVIDES,GRUPO ORION,2.4,5
13171,N67,50,6,AV.,ALFREDO BENAVIDES,URANO TOURS SA.,1.8,8
13172,N40,51,3,AV.,ALFREDO BENAVIDES,URANO TOURS SA.,2.4,8
13173,N67,37,10,AV.,PETIT THOUARS,GRUPO SALAMANCA,2.4,2
13174,N61,19,4,AV.,ALFREDO BENAVIDES,GRUPO ORION,3.7,5
13175,N24,31,2,AV.,OSCAR R. BENAVIDES,VIRGEN DE COPACABANA,2.6,7
13176,N34,58,3,AV.,ALFREDO BENAVIDES,VIRGEN DE COPACABANA,3.3,0
13177,N67,20,11,AV.,ALFREDO BENAVIDES,GRUPO ORION,3.9,9
13183,N34,36,4,AV.,ANGAMOS OESTE,SINCHIROCA,1.4,6
13186,N24,56,10,AV.,PETIT THOUARS,ESPECIAL SOLIDARIDAD,2.9,0
13187,N24,42,11,AV.,PASEO DE LA REPUBLICA,ESPECIAL SOLIDARIDAD,3.3,2
13188,N24,54,1,AV.,JOSE LARCO,ATCR S.A,2.3,8
13189,N67,43,5,AV.,ALFREDO BENAVIDES,NUEVA AMERICA SA,1.3,4
13190,N01,55,11,AV.,PETIT THOUARS,GRUPO ORION,3.7,0
13191,N24,51,12,AV.,PETIT THOUARS,EL PROGRESO S.A,1.5,3
13192,N24,40,14,AV.,PETIT THOUARS,GRUPO ORION,2.7,2
13193,N67,22,4,AV.,PASEO DE LA REPUBLICA,UNIDOS CHAMA,1.3,5
13194,N24,35,10,AV.,PETIT THOUARS,URANO TOURS SA.,1.9,1
13196,N24,37,5,AV.,PETIT THOUARS,ESPECIAL SOLIDARIDAD,1.6,6
13197,N24,26,9,AV.,PASEO DE LA REPUBLICA,GRUPO ORION,2.5,9
13198,N34,41,5,AV.,ALFREDO BENAVIDES,GRUPO ORION,2.3,4
13199,N24,51,7,AV.,PASEO DE LA REPUBLICA,ESPECIAL SOLIDARIDAD,2.4,3
13200,N24,25,2,AV.,JOSE LARCO,TRANSLIMA SA.,4.0,7
13201,N67,32,5,AV.,ALFREDO BENAVIDES,STO. CRISTO DE PACHACAMILLA,3.5,6
13206,N24,24,2,AV.,PETIT THOUARS,ESPECIAL SOLIDARIDAD,2.8,5
13207,N34,60,3,AV.,ALFREDO BENAVIDES,GRUPO ORION,2.3,0
13208,N67,49,9,AV.,ALFREDO BENAVIDES,ESPECIAL SOLIDARIDAD,3.0,3
13213,N01,47,6,AV.,JOSE LARCO,ESPECIAL SOLIDARIDAD,3.7,3
13214,N24,47,7,AV.,JOSE LARCO,ATCR S.A,1.6,3
13215,N24,19,5,AV.,PETIT THOUARS,GRUPO ORION,1.8,5
13217,N24,21,10,AV.,JOSE LARCO,VIRGEN DE COPACABANA,3.3,9
13219,N24,54,8,AV.,PASEO DE LA REPUBLICA,ESPECIAL SOLIDARIDAD,3.8,0
13221,N24,31,8,AV.,JOSE LARCO,VIRGEN DE COPACABANA,1.2,7
